# This file was generated by Animated Java via MC-Build. It is not recommended to edit this file directly.
execute unless entity @s[type=item_display,tag=aj.soj.root] run return run function animated_java:global/errors/function_not_executed_as_root_entity {'export_namespace': 'soj', 'function_path': 'animated_java:soj/set_default_pose'}
execute on passengers if entity @s[tag=aj.soj.bone.left_ear] run data merge entity @s {transformation: [-0.9914448613738104f,0.13052619222005157f,1.2246467991473532e-16f,3.444319122601931e-17f,0.13052619222005157f,0.9914448613738104f,0f,1.75f,-1.2141697760125282e-16f,1.5984848350717833e-17f,-1f,-0.28125f,0f,0f,0f,1f], start_interpolation: -1}
execute on passengers if entity @s[tag=aj.soj.bone.right_ear] run data merge entity @s {transformation: [-0.9914448613738104f,-0.13052619222005157f,1.2246467991473532e-16f,3.444319122601931e-17f,-0.13052619222005157f,0.9914448613738104f,0f,1.75f,-1.2141697760125282e-16f,-1.5984848350717833e-17f,-1f,-0.28125f,0f,0f,0f,1f], start_interpolation: -1}
execute on passengers if entity @s[tag=aj.soj.bone.left_cheek] run data merge entity @s {transformation: [-1f,0f,1.2246467991473532e-16f,0.25f,0f,1f,0f,1.625f,-1.2246467991473532e-16f,0f,-1f,0.06250000000000003f,0f,0f,0f,1f], start_interpolation: -1}
execute on passengers if entity @s[tag=aj.soj.bone.right_cheek] run data merge entity @s {transformation: [-1f,0f,1.2246467991473532e-16f,-0.25f,0f,1f,0f,1.625f,-1.2246467991473532e-16f,0f,-1f,0.06249999999999997f,0f,0f,0f,1f], start_interpolation: -1}
execute on passengers if entity @s[tag=aj.soj.bone.floof] run data merge entity @s {transformation: [-1f,2.1265768495757713e-17f,1.2060416625018976e-16f,-1.7221595613009655e-17f,0f,0.984807753012208f,-0.17364817766693033f,1.5f,-1.2246467991473532e-16f,-0.17364817766693033f,-0.984807753012208f,0.140625f,0f,0f,0f,1f], start_interpolation: -1}
execute on passengers if entity @s[tag=aj.soj.bone.eyes_default] run data merge entity @s {transformation: [-1f,0f,1.2246467991473532e-16f,0f,0f,1f,0f,1.5f,-1.2246467991473532e-16f,0f,-1f,0f,0f,0f,0f,1f], start_interpolation: -1}
execute on passengers if entity @s[tag=aj.soj.bone.eyes_closed] run data merge entity @s {transformation: [-1f,0f,1.2246467991473532e-16f,3.061616997868383e-17f,0f,1f,0f,1.5f,-1.2246467991473532e-16f,0f,-1f,-0.25f,0f,0f,0f,1f], start_interpolation: -1}
execute on passengers if entity @s[tag=aj.soj.bone.head] run data merge entity @s {transformation: [-1f,0f,1.2246467991473532e-16f,0f,0f,1f,0f,1.5f,-1.2246467991473532e-16f,0f,-1f,0f,0f,0f,0f,1f], start_interpolation: -1}
execute on passengers if entity @s[tag=aj.soj.bone.breast] run data merge entity @s {transformation: [-1f,2.6506208041798655e-17f,1.195617780139768e-16f,-1.5308084989341915e-17f,0f,0.9762960071199334f,-0.21643961393810288f,1.4375f,-1.2246467991473532e-16f,-0.21643961393810288f,-0.9762960071199334f,0.125f,0f,0f,0f,1f], start_interpolation: -1}
execute on passengers if entity @s[tag=aj.soj.bone.body] run data merge entity @s {transformation: [-1f,0f,1.2246467991473532e-16f,0f,0f,1f,0f,1.5f,-1.2246467991473532e-16f,0f,-1f,0f,0f,0f,0f,1f], start_interpolation: -1}
execute on passengers if entity @s[tag=aj.soj.bone.left_arm] run data merge entity @s {transformation: [-1f,0f,1.2246467991473532e-16f,0.3125f,0f,1f,0f,1.375f,-1.2246467991473532e-16f,0f,-1f,3.827021247335479e-17f,0f,0f,0f,1f], start_interpolation: -1}
execute on passengers if entity @s[tag=aj.soj.bone.right_arm] run data merge entity @s {transformation: [-1f,0f,1.1032161558289767e-16f,-0.3125f,0f,1f,0f,1.375f,-1.1032161558289767e-16f,0f,-1f,-3.827021247335479e-17f,0f,0f,0f,1f], start_interpolation: -1}
execute on passengers if entity @s[tag=aj.soj.bone.left_leg] run data merge entity @s {transformation: [-1f,0f,1.2246467991473532e-16f,0.11874999850988388f,0f,1f,0f,0.75f,-1.2246467991473532e-16f,0f,-1f,1.4542680557388226e-17f,0f,0f,0f,1f], start_interpolation: -1}
execute on passengers if entity @s[tag=aj.soj.bone.right_leg] run data merge entity @s {transformation: [-1f,0f,1.2246467991473532e-16f,-0.11874999850988388f,0f,1f,0f,0.75f,-1.2246467991473532e-16f,0f,-1f,-1.4542680557388226e-17f,0f,0f,0f,1f], start_interpolation: -1}