# This file was generated by Animated Java via MC-Build. It is not recommended to edit this file directly.
$data merge entity $(bone_left_ear) { transformation: [-0.9914415355215392f,0.13055027244687145f,-0.0005549835493327724f,-0.00015001204125631427f,0.13040116824643033f,0.9904952100119875f,0.043758133681348635f,1.7620675136313821f,0.0062623448211162475f,0.04331126074540253f,-0.9990419999829763f,-0.27004103076283215f,0f,0f,0f,1f], start_interpolation: 0, interpolation_duration: 1 }
$data merge entity $(bone_right_ear) { transformation: [-0.9914478812685187f,-0.13050207171315442f,-0.0005549835493327724f,-0.00015001204125631427f,-0.13040116824643033f,0.9904952100119875f,0.043758133681348635f,1.7620675136313821f,-0.0051608185524675936f,0.04345627942982825f,-0.9990419999829763f,-0.27004103076283215f,0f,0f,0f,1f], start_interpolation: 0, interpolation_duration: 1 }
$data merge entity $(bone_left_cheek) { transformation: [-0.9999998457011707f,0.000024308327974111904f,-0.0005549835493327724f,0.25003768643812274f,1.6940658945086007e-21f,0.9990421541340111f,0.043758133681348635f,1.622145385911667f,0.0005555156476994133f,0.04375812692951983f,-0.9990419999829763f,0.06777101195320115f,0f,0f,0f,1f], start_interpolation: 0, interpolation_duration: 1 }
$data merge entity $(bone_right_cheek) { transformation: [-0.9999998457011707f,0.000024308327974111904f,-0.0005549835493327724f,-0.24996223641246262f,1.6940658945086007e-21f,0.9990421541340111f,0.043758133681348635f,1.622145385911667f,0.0005555156476994133f,0.04375812692951983f,-0.9990419999829763f,0.06804876977705085f,0f,0f,0f,1f], start_interpolation: 0, interpolation_duration: 1 }
$data merge entity $(bone_floof) { transformation: [-0.9999998457011707f,-0.00007243285212509191f,-0.000550773199031982f,0.00007804456162492112f,1.6940658945086007e-21f,0.9914629791490636f,-0.13038850017107878f,1.4938465124510603f,0.0005555156476994133f,-0.13038848005228587f,-0.9914628261674865f,0.14049028124760604f,0f,0f,0f,1f], start_interpolation: 0, interpolation_duration: 1 }
$data merge entity $(bone_eyes_default) { transformation: [-0.9999998457011707f,0.000024308327974111904f,-0.0005549835493327724f,0f,1.6940658945086007e-21f,0.9990421541340111f,0.043758133681348635f,1.5f,0.0005555156476994133f,0.04375812692951983f,-0.9990419999829763f,0f,0f,0f,0f,1f], start_interpolation: -1, interpolation_duration: 0 }
$data merge entity $(bone_eyes_closed) { transformation: [-0.000009999998457011707f,2.430832797411191e-10f,-5.549835493327724e-9f,-0.0001387458873331931f,1.6940658945086008e-26f,0.000009990421541340111f,4.3758133681348637e-7f,1.5109395334203373f,5.555156476994134e-9f,4.375812692951983e-7f,-0.000009990419999829763f,-0.24976049999574407f,0f,0f,0f,1f], start_interpolation: -1, interpolation_duration: 0 }
$data merge entity $(bone_head) { transformation: [-0.9999998457011707f,0.000024308327974111904f,-0.0005549835493327724f,0f,1.6940658945086007e-21f,0.9990421541340111f,0.043758133681348635f,1.5f,0.0005555156476994133f,0.04375812692951983f,-0.9990419999829763f,0f,0f,0f,0f,1f], start_interpolation: 0, interpolation_duration: 1 }
$data merge entity $(bone_breast) { transformation: [-0.9998471330288558f,-0.003784905275453802f,-0.01707000486330861f,0.002185607793598235f,-5.293955920339377e-23f,0.9762890416941408f,-0.21647103055128675f,1.4375040224708697f,0.017484581035230366f,-0.2164379392805059f,-0.9761397993453758f,0.1249829024757027f,0f,0f,0f,1f], start_interpolation: 0, interpolation_duration: 1 }
$data merge entity $(bone_body) { transformation: [-0.9998471330288558f,-5.626452166652403e-7f,-0.017484581026177545f,0f,-5.293955920339377e-23f,0.9999999994822396f,-0.000032179508078091465f,1.5f,0.017484581035230366f,-0.00003217458889415866f,-0.9998471325111745f,0f,0f,0f,0f,1f], start_interpolation: 0, interpolation_duration: 1 }
$data merge entity $(bone_left_arm) { transformation: [-0.992649790908261f,0f,-0.121022281460009f,0.3125f,0f,1f,0f,1.3251177083333334f,0.121022281460009f,0f,-0.992649790908261f,-0.018749999999999965f,0f,0f,0f,1f], start_interpolation: 0, interpolation_duration: 1 }
$data merge entity $(bone_right_arm) { transformation: [-0.9974932217216027f,0f,0.07076208461780636f,-0.3125f,0f,1f,0f,1.337223699931725f,-0.07076208461780636f,0f,-0.9974932217216027f,0.012499999999999964f,0f,0f,0f,1f], start_interpolation: 0, interpolation_duration: 1 }
$data merge entity $(bone_left_leg) { transformation: [-0.9925075497180772f,0f,-0.12218332027170666f,0.11874999850988388f,0f,1f,0f,0.75f,0.12218332027170666f,0f,-0.9925075497180772f,-0.006249999999999987f,0f,0f,0f,1f], start_interpolation: 0, interpolation_duration: 1 }
$data merge entity $(bone_right_leg) { transformation: [-0.9985930282466935f,0.000036746267087705925f,0.05302794156678317f,-0.11874999850988388f,-3.3881317890172014e-21f,0.999999759902983f,-0.0006929602994066574f,0.75f,-0.053027954298636826f,-0.0006919853238392294f,-0.9985927884874861f,0.012499999999999989f,0f,0f,0f,1f], start_interpolation: 0, interpolation_duration: 1 }