# This file was generated by Animated Java via MC-Build. It is not recommended to edit this file directly.
$data merge entity $(bone_left_ear) { transformation: [-0.9913334600664688f,0.13098158594265635f,-0.010089355608231387f,-0.0027211216261565667f,0.13038716807847556f,0.9903888681786663f,0.04614191357383885f,1.7627111368629427f,0.016036126499818757f,0.04442650033174765f,-0.9988839415643617f,-0.26940121856679833f,0f,0f,0f,1f], start_interpolation: 0, interpolation_duration: 1 }
$data merge entity $(bone_right_ear) { transformation: [-0.991455120542397f,-0.13005748288226837f,-0.010089355608231387f,-0.0027211216261565667f,-0.13038716807847556f,0.9903888681786663f,0.04614191357383885f,1.7627111368629427f,0.003991284346703711f,0.04706315898990124f,-0.9988839415643617f,-0.26940121856679833f,0f,0f,0f,1f], start_interpolation: 0, interpolation_duration: 1 }
$data merge entity $(bone_left_cheek) { transformation: [-0.9999489925548584f,0.00046603855463404453f,-0.010089355608231387f,0.2506760876835583f,0f,0.9989348946812021f,0.04614191357383885f,1.6219829922367854f,0.010100113292619818f,0.0461395599927135f,-0.9988839415643617f,0.06567266302370683f,0f,0f,0f,1f], start_interpolation: 0, interpolation_duration: 1 }
$data merge entity $(bone_right_cheek) { transformation: [-0.9999489925548584f,0.00046603855463404453f,-0.010089355608231387f,-0.24929840859387087f,0f,0.9989348946812021f,0.04614191357383885f,1.6219829922367854f,0.010100113292619818f,0.0461395599927135f,-0.9988839415643617f,0.07072271967001675f,0f,0f,0f,1f], start_interpolation: 0, interpolation_duration: 1 }
$data merge entity $(bone_floof) { transformation: [-0.9999489925548584f,-0.0012930398333967931f,-0.010017002371618202f,0.0014188156324075388f,0f,0.9917712882426435f,-0.12802230984296198f,1.493511293403679f,0.010100113292619818f,-0.12801577975201578f,-0.9917207005230654f,0.14046805428248835f,0f,0f,0f,1f], start_interpolation: 0, interpolation_duration: 1 }
$data merge entity $(bone_eyes_default) { transformation: [-0.9999489925548584f,0.00046603855463404453f,-0.010089355608231387f,0f,0f,0.9989348946812021f,0.04614191357383885f,1.5f,0.010100113292619818f,0.0461395599927135f,-0.9988839415643617f,0f,0f,0f,0f,1f], start_interpolation: 0, interpolation_duration: 1 }
$data merge entity $(bone_eyes_closed) { transformation: [-0.000009999489925548585f,4.660385546340446e-9f,-1.0089355608231388e-7f,-0.0025223389020578467f,0f,0.000009989348946812021f,4.6141913573838853e-7f,1.5115354783934598f,1.0100113292619819e-7f,4.61395599927135e-7f,-0.000009988839415643617f,-0.24972098539109042f,0f,0f,0f,1f], start_interpolation: 0, interpolation_duration: 1 }
$data merge entity $(bone_head) { transformation: [-0.9999489925548584f,0.00046603855463404453f,-0.010089355608231387f,0f,0f,0.9989348946812021f,0.04614191357383885f,1.5f,0.010100113292619818f,0.0461395599927135f,-0.9988839415643617f,0f,0f,0f,0f,1f], start_interpolation: 0, interpolation_duration: 1 }
$data merge entity $(bone_breast) { transformation: [-0.9997963832542408f,-0.004421243874849851f,-0.019688693058159942f,0.0025258049430028646f,0f,0.9757021300385285f,-0.2191012401568698f,1.4378411166015104f,0.020178999770537012f,-0.21905662747535723f,-0.9755034607459797f,0.12514449058605365f,0f,0f,0f,1f], start_interpolation: 0, interpolation_duration: 1 }
$data merge entity $(bone_body) { transformation: [-0.9997963832542408f,-0.000055029617065427467f,-0.020178924735490204f,0f,0f,0.9999962815279418f,-0.002727073576053815f,1.5f,0.020178999770537012f,-0.0027265182982068124f,-0.9997926655393258f,0f,0f,0f,0f,1f], start_interpolation: 0, interpolation_duration: 1 }
$data merge entity $(bone_left_arm) { transformation: [-0.9942855353176313f,0f,-0.1067533337096851f,0.3125f,0f,1f,0f,1.3270833333333334f,0.1067533337096851f,0f,-0.9942855353176313f,-0.018749999999999965f,0f,0f,0f,1f], start_interpolation: 0, interpolation_duration: 1 }
$data merge entity $(bone_right_arm) { transformation: [-0.9961028826032333f,0f,0.08819890741686745f,-0.3125f,0f,1f,0f,1.3324647246244878f,-0.08819890741686745f,0f,-0.9961028826032333f,0.012499999999999964f,0f,0f,0f,1f], start_interpolation: 0, interpolation_duration: 1 }
$data merge entity $(bone_left_leg) { transformation: [-0.9896513868196702f,0f,-0.1434926219911792f,0.11874999850988388f,0f,1f,0f,0.75f,0.1434926219911792f,0f,-0.9896513868196702f,-0.006249999999999987f,0f,0f,0f,1f], start_interpolation: 0, interpolation_duration: 1 }
$data merge entity $(bone_right_leg) { transformation: [-0.997911444701132f,0.0007933546879881317f,0.06459194317280201f,-0.11874999850988388f,0f,0.9999245778421062f,-0.012281637809584037f,0.75f,-0.06459681520399776f,-0.012255986929858052f,-0.9978361800665857f,0.012499999999999989f,0f,0f,0f,1f], start_interpolation: 0, interpolation_duration: 1 }