# This file was generated by Animated Java via MC-Build. It is not recommended to edit this file directly.
$data merge entity $(bone_left_ear) { transformation: [-0.9913903430051558f,0.13079726314550186f,-0.006104404128656259f,-0.0016478966733915537f,0.1303931103101924f,0.9904340039096684f,0.04514554998111084f,1.7624422909038493f,0.011950923803355488f,0.043960890040004f,-0.9989617688215786f,-0.2696718207037827f,0f,0f,0f,1f], start_interpolation: 0, interpolation_duration: 1 }
$data merge entity $(bone_right_ear) { transformation: [-0.9914623589915998f,-0.13025024742028732f,-0.006104404128656259f,-0.0016478966733915537f,-0.1303931103101924f,0.9904340039096684f,0.04514554998111084f,1.7624422909038493f,0.00016579036766309514f,0.045556085723171186f,-0.9989617688215786f,-0.2696718207037827f,0f,0f,0f,1f], start_interpolation: 0, interpolation_duration: 1 }
$data merge entity $(bone_left_cheek) { transformation: [-0.9999813298992675f,0.0002758679511720767f,-0.006104404128656259f,0.2504113412267544f,0f,0.9989804198866478f,0.04514554998111084f,1.6220509556120115f,0.006110634409980641f,0.04514470710914506f,-0.9989617688215786f,0.06655054033749663f,0f,0f,0f,1f], start_interpolation: 0, interpolation_duration: 1 }
$data merge entity $(bone_right_cheek) { transformation: [-0.9999813298992675f,0.0002758679511720767f,-0.006104404128656259f,-0.24957932372287933f,0f,0.9989804198866478f,0.04514554998111084f,1.6220509556120115f,0.006110634409980641f,0.04514470710914506f,-0.9989617688215786f,0.06960585754248695f,0f,0f,0f,1f], start_interpolation: 0, interpolation_duration: 1 }
$data merge entity $(bone_floof) { transformation: [-0.9999813298992675f,-0.0007883417555617908f,-0.006059568480418157f,0.0008584318305922865f,0f,0.9916431050957529f,-0.12901144180286317f,1.4936514070339062f,0.006110634409980641f,-0.12900903314624906f,-0.99162459101909f,0.1404789987405345f,0f,0f,0f,1f], start_interpolation: 0, interpolation_duration: 1 }
$data merge entity $(bone_eyes_default) { transformation: [-0.9999813298992675f,0.0002758679511720767f,-0.006104404128656259f,0f,0f,0.9989804198866478f,0.04514554998111084f,1.5f,0.006110634409980641f,0.04514470710914506f,-0.9989617688215786f,0f,0f,0f,0f,1f], start_interpolation: 0, interpolation_duration: 1 }
$data merge entity $(bone_eyes_closed) { transformation: [-0.000009999813298992675f,2.758679511720767e-9f,-6.104404128656259e-8f,-0.0015261010321640648f,0f,0.000009989804198866478f,4.514554998111084e-7f,1.5112863874952778f,6.110634409980642e-8f,4.5144707109145065e-7f,-0.000009989617688215787f,-0.24974044220539465f,0f,0f,0f,1f], start_interpolation: 0, interpolation_duration: 1 }
$data merge entity $(bone_head) { transformation: [-0.9999813298992675f,0.0002758679511720767f,-0.006104404128656259f,0f,0f,0.9989804198866478f,0.04514554998111084f,1.5f,0.006110634409980641f,0.04514470710914506f,-0.9989617688215786f,0f,0f,0f,0f,1f], start_interpolation: 0, interpolation_duration: 1 }
$data merge entity $(bone_breast) { transformation: [-0.9997860303974616f,-0.004542463246530431f,-0.02018067020046457f,0.0025898653575703555f,0f,0.9755909881902822f,-0.2195955913990727f,1.4379045470662517f,0.020685584886243818f,-0.21954860461766187f,-0.9753822413742992f,0.12517466725492948f,0f,0f,0f,1f], start_interpolation: 0, interpolation_duration: 1 }
$data merge entity $(bone_body) { transformation: [-0.9997860303974616f,-0.00006689226287598013f,-0.020685476729124855f,0f,0f,0.9999947713772873f,-0.003233762218658094f,1.5f,0.020685584886243818f,-0.003233070291841464f,-0.9997808028935152f,0f,0f,0f,0f,1f], start_interpolation: 0, interpolation_duration: 1 }
$data merge entity $(bone_left_arm) { transformation: [-0.9945015676330833f,0f,-0.10472168818033767f,0.3125f,0f,1f,0f,1.327364236111111f,0.10472168818033767f,0f,-0.9945015676330833f,-0.01874999999999996f,0f,0f,0f,1f], start_interpolation: 0, interpolation_duration: 1 }
$data merge entity $(bone_right_arm) { transformation: [-0.9958866761466276f,0f,0.09060755086427454f,-0.3125f,0f,1f,0f,1.3318008221438324f,-0.09060755086427454f,0f,-0.9958866761466276f,0.012499999999999964f,0f,0f,0f,1f], start_interpolation: 0, interpolation_duration: 1 }
$data merge entity $(bone_left_leg) { transformation: [-0.9891781104871119f,0f,-0.14671968420476814f,0.11874999850988388f,0f,1f,0f,0.75f,0.14671968420476814f,0f,-0.9891781104871119f,-0.006249999999999987f,0f,0f,0f,1f], start_interpolation: 0, interpolation_duration: 1 }
$data merge entity $(bone_right_leg) { transformation: [-0.9978257345282526f,0.000896016245056244f,0.06590144663087207f,-0.11874999850988388f,5.421010862427522e-20f,0.9999075830422648f,-0.013595049634936046f,0.75f,-0.06590753760498934f,-0.013565490387928113f,-0.9977335185095176f,0.012499999999999989f,0f,0f,0f,1f], start_interpolation: 0, interpolation_duration: 1 }