# This file was generated by Animated Java via MC-Build. It is not recommended to edit this file directly.
$data merge entity $(bone_left_ear) { transformation: [-0.9911982235818814f,0.13214519970735317f,-0.007982967019005817f,3.307495036201526e-17f,0.13133068292829078f,0.989105826049659f,0.06649749315734037f,1.762030008091965f,0.016683323700976027f,0.06486378857980403f,-0.9977546570381733f,-0.2700774654785635f,0f,0f,0f,1f], start_interpolation: 0, interpolation_duration: 1 }
$data merge entity $(bone_right_ear) { transformation: [-0.9915708401430515f,-0.12884559102731066f,-0.01364121148673997f,3.307495036201526e-17f,-0.12945736754366327f,0.9895398143192622f,0.06365332564497425f,1.762030008091965f,0.00529707151809788f,0.06488273691686611f,-0.9978788360735531f,-0.2700774654785635f,0f,0f,0f,1f], start_interpolation: 0, interpolation_duration: 1 }
$data merge entity $(bone_left_cheek) { transformation: [-1f,-5.341834311772723e-18f,1.223481206754078e-16f,0.25f,0f,0.9990482215818578f,0.043619387365336f,1.6221548159873986f,-1.2246467991473532e-16f,0.043619387365336f,-0.9990482215818578f,0.06789293726953315f,0f,0f,0f,1f], start_interpolation: 0, interpolation_duration: 1 }
$data merge entity $(bone_right_cheek) { transformation: [-1f,-5.341834311772723e-18f,1.223481206754078e-16f,-0.25f,0f,0.9990482215818578f,0.043619387365336f,1.6221548159873986f,-1.2246467991473532e-16f,0.043619387365336f,-0.9990482215818578f,0.06789293726953308f,0f,0f,0f,1f], start_interpolation: 0, interpolation_duration: 1 }
$data merge entity $(bone_floof) { transformation: [-1f,1.5984848350717833e-17f,1.2141697760125282e-16f,-1.720520446997922e-17f,0f,0.9914448613738105f,-0.13052619222005157f,1.4938660236517496f,-1.2246467991473532e-16f,-0.13052619222005157f,-0.9914448613738105f,0.14049115615994875f,0f,0f,0f,1f], start_interpolation: 0, interpolation_duration: 1 }
$data merge entity $(bone_eyes_default) { transformation: [-1f,-5.341834311772723e-18f,1.223481206754078e-16f,0f,0f,0.9990482215818578f,0.043619387365336f,1.5f,-1.2246467991473532e-16f,0.043619387365336f,-0.9990482215818578f,0f,0f,0f,0f,1f], start_interpolation: 0, interpolation_duration: 1 }
$data merge entity $(bone_eyes_closed) { transformation: [-0.00001f,-5.341834311772724e-23f,1.223481206754078e-21f,3.058703016885195e-17f,0f,0.000009990482215818578f,4.3619387365336004e-7f,1.510904846841334f,-1.2246467991473532e-21f,4.3619387365336004e-7f,-0.000009990482215818578f,-0.24976205539546445f,0f,0f,0f,1f], start_interpolation: 0, interpolation_duration: 1 }
$data merge entity $(bone_head) { transformation: [-1f,-5.341834311772723e-18f,1.223481206754078e-16f,0f,0f,0.9990482215818578f,0.043619387365336f,1.5f,-1.2246467991473532e-16f,0.043619387365336f,-0.9990482215818578f,0f,0f,0f,0f,1f], start_interpolation: 0, interpolation_duration: 1 }
$data merge entity $(bone_breast) { transformation: [-0.9997747962655587f,-0.004671271541049821f,-0.020701110461774107f,0.002657682674294421f,0f,0.9754731132677348f,-0.22011861641340777f,1.4379716819134853f,0.02122161049875328f,-0.2200690448789714f,-0.9752534330797797f,0.12520652729854348f,0f,0f,0f,1f], start_interpolation: 0, interpolation_duration: 1 }
$data merge entity $(bone_body) { transformation: [-0.9997747962655587f,-0.00008000339726350697f,-0.021221459695723612f,0f,0f,0.9999928938932473f,-0.0037699022545064145f,1.5f,0.02122161049875328f,-0.0037690532584402203f,-0.9997676917591277f,0f,0f,0f,0f,1f], start_interpolation: 0, interpolation_duration: 1 }
$data merge entity $(bone_left_arm) { transformation: [-0.9947165713795708f,0f,-0.10265935234001444f,0.3125f,0f,1f,0f,1.32765f,0.10265935234001444f,0f,-0.9947165713795708f,-0.01874999999999996f,0f,0f,0f,1f], start_interpolation: 0, interpolation_duration: 1 }
$data merge entity $(bone_right_arm) { transformation: [-0.9956643856849019f,0f,0.0930184448306194f,-0.3125f,0f,1f,0f,1.3311333636777425f,-0.0930184448306194f,0f,-0.9956643856849019f,0.012499999999999964f,0f,0f,0f,1f], start_interpolation: 0, interpolation_duration: 1 }
$data merge entity $(bone_left_leg) { transformation: [-0.9887041231277591f,0f,-0.14988047541347382f,0.11874999850988388f,0f,1f,0f,0.75f,0.14988047541347382f,0f,-0.9887041231277591f,-0.006249999999999987f,0f,0f,0f,1f], start_interpolation: 0, interpolation_duration: 1 }
$data merge entity $(bone_right_leg) { transformation: [-0.9977455966578388f,0.0009932149891238634f,0.06710244312898428f,-0.11874999850988388f,0f,0.9998904761967832f,-0.014799851721224137f,0.75f,-0.06710979324877397f,-0.014766486886040318f,-0.99763631976545f,0.012499999999999989f,0f,0f,0f,1f], start_interpolation: 0, interpolation_duration: 1 }