# This file was generated by Animated Java via MC-Build. It is not recommended to edit this file directly.
$data merge entity $(bone_left_ear) { transformation: [-0.9908482581793492f,0.13018253946030367f,0.03566841295342974f,0.014134351635387524f,0.13258976461217326f,0.9882160855612118f,0.07647824892192777f,1.758516547467071f,-0.025291966768885375f,0.08050760621048386f,-0.9964330593467979f,-0.273076870660173f,0f,0f,0f,1f], start_interpolation: 0, interpolation_duration: 1 }
$data merge entity $(bone_right_ear) { transformation: [-0.9911781980561588f,-0.13027606449853404f,0.024370611746935923f,0.014134351635387524f,-0.12827606262336225f,0.989207523267671f,0.07080768085799359f,1.758516547467071f,-0.03333213848515209f,0.06705686340274206f,-0.997192231023985f,-0.273076870660173f,0f,0f,0f,1f], start_interpolation: 0, interpolation_duration: 1 }
$data merge entity $(bone_left_cheek) { transformation: [-0.9999662923637649f,-0.001586897850110342f,0.00805579862452041f,0.24623829900374808f,-0.0013391170239935224f,0.9995286426218063f,0.030670822359460528f,1.6230223277029214f,-0.008100672926464846f,0.030659000861457442f,-0.9994970759158406f,0.07914200522033638f,0f,0f,0f,1f], start_interpolation: 0, interpolation_duration: 1 }
$data merge entity $(bone_right_cheek) { transformation: [-0.9999662923637649f,-0.001586897850110342f,0.00805579862452041f,-0.2530932795097935f,-0.0013391170239935224f,0.9995286426218063f,0.030670822359460528f,1.6230223277029214f,-0.008100672926464846f,0.030659000861457442f,-0.9994970759158406f,0.05329679871748901f,0f,0f,0f,1f], start_interpolation: 0, interpolation_duration: 1 }
$data merge entity $(bone_floof) { transformation: [-0.9999662923637649f,-0.00016391455522733744f,0.008208974861948014f,-0.007265538048957554f,-0.0013391170239935224f,0.9896694890219898f,-0.14336146366632022f,1.4956828065941903f,-0.008100672926464846f,-0.14336762406824f,-0.9896363491036323f,0.14037081043776867f,0f,0f,0f,1f], start_interpolation: 0, interpolation_duration: 1 }
$data merge entity $(bone_eyes_default) { transformation: [-0.9986631570270832f,-0.001586897850110342f,0.05166604834814261f,0f,1.0842021724855044e-19f,0.9995286426218063f,0.030700041996869206f,1.5f,-0.051690413005694734f,0.030659000861457442f,-0.9981924297796883f,0f,0f,0f,0f,1f], start_interpolation: 0, interpolation_duration: 1 }
$data merge entity $(bone_eyes_closed) { transformation: [-0.000009986631570270832f,-1.5868978501103422e-8f,5.166604834814262e-7f,0.012916512087035653f,1.0842021724855045e-24f,0.000009995286426218064f,3.070004199686921e-7f,1.5076750104992174f,-5.169041300569474e-7f,3.0659000861457447e-7f,-0.000009981924297796883f,-0.24954810744492206f,0f,0f,0f,1f], start_interpolation: 0, interpolation_duration: 1 }
$data merge entity $(bone_head) { transformation: [-0.9986631570270832f,-0.001586897850110342f,0.05166604834814261f,0f,1.0842021724855044e-19f,0.9995286426218063f,0.030700041996869206f,1.5f,-0.051690413005694734f,0.030659000861457442f,-0.9981924297796883f,0f,0f,0f,0f,1f], start_interpolation: 0, interpolation_duration: 1 }
$data merge entity $(bone_breast) { transformation: [-0.9997627047926922f,-0.004806969078473509f,-0.021246815146714778f,0.0027288481810321136f,0f,0.9753491812285132f,-0.22066711281219287f,1.4380421141197228f,0.02178380374498607f,-0.22061474956391208f,-0.9751177355423561f,0.12523986491868888f,0f,0f,0f,1f], start_interpolation: 0, interpolation_duration: 1 }
$data merge entity $(bone_body) { transformation: [-0.9997627047926922f,-0.00009437224989348965f,-0.021783599323310164f,0f,0f,0.9999906158870004f,-0.004332220901283647f,1.5f,0.02178380374498607f,-0.004331192886026775f,-0.9997533229064978f,0f,0f,0f,0f,1f], start_interpolation: 0, interpolation_duration: 1 }
$data merge entity $(bone_left_arm) { transformation: [-0.9949287380657127f,0f,-0.10058233528293316f,0.3125f,0f,1f,0f,1.3279385416666667f,0.10058233528293316f,0f,-0.9949287380657127f,-0.01874999999999996f,0f,0f,0f,1f], start_interpolation: 0, interpolation_duration: 1 }
$data merge entity $(bone_right_arm) { transformation: [-0.9954383904663187f,0f,0.09540655525604612f,-0.3125f,0f,1f,0f,1.33046875f,-0.09540655525604612f,0f,-0.9954383904663187f,0.012499999999999964f,0f,0f,0f,1f], start_interpolation: 0, interpolation_duration: 1 }
$data merge entity $(bone_left_leg) { transformation: [-0.9882400602817405f,0f,-0.15291037654241083f,0.11874999850988388f,0f,1f,0f,0.75f,0.15291037654241083f,0f,-0.9882400602817405f,-0.006249999999999987f,0f,0f,0f,1f], start_interpolation: 0, interpolation_duration: 1 }
$data merge entity $(bone_right_leg) { transformation: [-0.9976735386425021f,0.0010815607183522818f,0.06816407058678732f,-0.11874999850988388f,0f,0.9998741425913217f,-0.015865023708436822f,0.75f,-0.06817265061993709f,-0.015828114343843354f,-0.9975479740362216f,0.012499999999999989f,0f,0f,0f,1f], start_interpolation: 0, interpolation_duration: 1 }