# This file was generated by Animated Java via MC-Build. It is not recommended to edit this file directly.
$data merge entity $(bone_left_ear) { transformation: [-0.987115952536013f,0.126052379619908f,0.09855401483997528f,0.0340573607022864f,0.13426268496435437f,0.987576633666485f,0.08164511046067457f,1.753615108781743f,-0.0870380817520813f,0.09382531762872871f,-0.9917767803779167f,-0.27590040826287127f,0f,0f,0f,1f], start_interpolation: 0, interpolation_duration: 1 }
$data merge entity $(bone_right_ear) { transformation: [-0.9878116135930769f,-0.13248462085965076f,0.08170704551209748f,0.0340573607022864f,-0.12662494204442254f,0.9892482590746071f,0.0731710733152485f,1.753615108781743f,-0.09052259443303652f,0.06193308609728264f,-0.9939667764787607f,-0.27590040826287127f,0f,0f,0f,1f], start_interpolation: 0, interpolation_duration: 1 }
$data merge entity $(bone_left_cheek) { transformation: [-0.9993671662256602f,-0.0015838217198522718f,0.035535314531508835f,0.24026252123848765f,-0.0011267498506368479f,0.9999164298554373f,0.012878809724907705f,1.6241815534390667f,-0.0355527425787045f,0.012830620168799777f,-0.9992854335379939f,0.09425557104800494f,0f,0f,0f,1f], start_interpolation: 0, interpolation_duration: 1 }
$data merge entity $(bone_right_cheek) { transformation: [-0.9993671662256602f,-0.0015838217198522718f,0.035535314531508835f,-0.25597106161611716f,-0.0011267498506368479f,0.9999164298554373f,0.012878809724907705f,1.6241815534390667f,-0.0355527425787045f,0.012830620168799777f,-0.9992854335379939f,0.03300011212978219f,0f,0f,0f,1f], start_interpolation: 0, interpolation_duration: 1 }
$data merge entity $(bone_floof) { transformation: [-0.9993671662256602f,0.004610882702118055f,0.03527048101175893f,-0.017226658066124733f,-0.0011267498506368468f,0.9869618343251716f,-0.16095051419696152f,1.4981819993410581f,-0.03555274257870451f,-0.16088840028479226f,-0.9863320562310305f,0.1395540316525356f,0f,0f,0f,1f], start_interpolation: 0, interpolation_duration: 1 }
$data merge entity $(bone_eyes_default) { transformation: [-0.9924671657092096f,-0.0015838217198522718f,0.12250067958133143f,0f,0f,0.9999164298554373f,0.012928004685808535f,1.5f,-0.12251091783644552f,0.012830620168799777f,-0.9923842250846976f,0f,0f,0f,0f,1f], start_interpolation: 0, interpolation_duration: 1 }
$data merge entity $(bone_eyes_closed) { transformation: [-0.000009924671657092096f,-1.583821719852272e-8f,0.0000012250067958133144f,0.030625169895332857f,0f,0.000009999164298554374f,1.2928004685808536e-7f,1.5032320011714522f,-0.0000012251091783644554f,1.2830620168799777e-7f,-0.000009923842250846977f,-0.2480960562711744f,0f,0f,0f,1f], start_interpolation: 0, interpolation_duration: 1 }
$data merge entity $(bone_head) { transformation: [-0.9924671657092096f,-0.0015838217198522718f,0.12250067958133143f,0f,0f,0.9999164298554373f,0.012928004685808535f,1.5f,-0.12251091783644552f,0.012830620168799777f,-0.9923842250846976f,0f,0f,0f,0f,1f], start_interpolation: 0, interpolation_duration: 1 }
$data merge entity $(bone_breast) { transformation: [-0.9997497850355294f,-0.004948846189092981f,-0.021814587844136556f,0.0028029525336666383f,0f,0.9752198730376198f,-0.22123787928943983f,1.4381154363378337f,0.022368891823531415f,-0.22118252226133384f,-0.9749758584317366f,0.12527447560232413f,0f,0f,0f,1f], start_interpolation: 0, interpolation_duration: 1 }
$data merge entity $(bone_body) { transformation: [-0.9997497850355294f,-0.00010999780305842718f,-0.022368621367803893f,0f,0f,0.9999879092925276f,-0.004917445348933771f,1.5f,0.022368891823531415f,-0.0049162149305205f,-0.9997376973533328f,0f,0f,0f,0f,1f], start_interpolation: 0, interpolation_duration: 1 }
$data merge entity $(bone_left_arm) { transformation: [-0.9951363916108864f,0f,-0.09850666013861409f,0.3125f,0f,1f,0f,1.3282277777777778f,0.09850666013861409f,0f,-0.9951363916108864f,-0.01874999999999996f,0f,0f,0f,1f], start_interpolation: 0, interpolation_duration: 1 }
$data merge entity $(bone_right_arm) { transformation: [-0.9952113088049804f,0f,0.0977468711861302f,-0.3125f,0f,1f,0f,1.3298133818843878f,-0.0977468711861302f,0f,-0.9952113088049804f,0.012499999999999964f,0f,0f,0f,1f], start_interpolation: 0, interpolation_duration: 1 }
$data merge entity $(bone_left_leg) { transformation: [-0.9877973117517589f,0f,-0.155744890433036f,0.11874999850988388f,0f,1f,0f,0.75f,0.155744890433036f,0f,-0.9877973117517589f,-0.006249999999999987f,0f,0f,0f,1f], start_interpolation: 0, interpolation_duration: 1 }
$data merge entity $(bone_right_leg) { transformation: [-0.9976121492146027f,0.0011575012430190164f,0.06905548443312604f,-0.11874999850988388f,0f,0.9998595489207323f,-0.016759547488816157f,0.75f,-0.06906518471285877f,-0.016719528190182086f,-0.9974720335115549f,0.012499999999999989f,0f,0f,0f,1f], start_interpolation: 0, interpolation_duration: 1 }