# This file was generated by Animated Java via MC-Build. It is not recommended to edit this file directly.
$data merge entity $(bone_left_ear) { transformation: [-0.9822946778541026f,0.12229367857393636f,0.14192047787532058f,0.04883854996882419f,0.13605463135497675f,0.9864516871144989f,0.09166354933025497f,1.75f,-0.12878782219746554f,0.10934955495937533f,-0.9856248635681938f,-0.2769771805346835f,0f,0f,0f,1f], start_interpolation: 0, interpolation_duration: 1 }
$data merge entity $(bone_right_ear) { transformation: [-0.9837611759012449f,-0.13381862154319366f,0.11960988804308459f,0.04883854996882419f,-0.12474363330605458f,0.9889247769557155f,0.08041648756749457f,1.75f,-0.129046405370333f,0.06419004635742151f,-0.9895588225111369f,-0.2769771805346835f,0f,0f,0f,1f], start_interpolation: 0, interpolation_duration: 1 }
$data merge entity $(bone_left_cheek) { transformation: [-0.9990482215818577f,0f,0.043619387365336104f,0.23534892714886885f,0f,1f,0f,1.625f,-0.043619387365336104f,0f,-0.9990482215818577f,0.10496252897999561f,0f,0f,0f,1f], start_interpolation: 0, interpolation_duration: 1 }
$data merge entity $(bone_right_cheek) { transformation: [-0.9990482215818577f,0f,0.043619387365336104f,-0.25705494935723516f,0f,1f,0f,1.625f,-0.043619387365336104f,0f,-0.9990482215818577f,0.01813844014653039f,0f,0f,0f,1f], start_interpolation: 0, interpolation_duration: 1 }
$data merge entity $(bone_floof) { transformation: [-0.9990482215818577f,0.007574427126938538f,0.04295671085902575f,-0.024419274984412095f,1.734723475976807e-18f,0.984807753012208f,-0.17364817766693033f,1.5f,-0.043619387365336104f,-0.1734829030790772f,-0.9838704342468718f,0.13848859026734175f,0f,0f,0f,1f], start_interpolation: 0, interpolation_duration: 1 }
$data merge entity $(bone_eyes_default) { transformation: [-0.984807753012208f,0f,0.17364817766693044f,0f,0f,1f,0f,1.5f,-0.17364817766693044f,0f,-0.984807753012208f,0f,0f,0f,0f,1f], start_interpolation: 0, interpolation_duration: 1 }
$data merge entity $(bone_eyes_closed) { transformation: [-0.00000984807753012208f,0f,0.0000017364817766693047f,0.04341204441673261f,0f,0.00001f,0f,1.5f,-0.0000017364817766693047f,0f,-0.00000984807753012208f,-0.246201938253052f,0f,0f,0f,1f], start_interpolation: 0, interpolation_duration: 1 }
$data merge entity $(bone_head) { transformation: [-0.984807753012208f,0f,0.17364817766693044f,0f,0f,1f,0f,1.5f,-0.17364817766693044f,0f,-0.984807753012208f,0f,0f,0f,0f,1f], start_interpolation: 0, interpolation_duration: 1 }
$data merge entity $(bone_breast) { transformation: [-0.9997360719761781f,-0.005096181659229083f,-0.022401234835118574f,0.00287958566349636f,0f,0.9750858754497645f,-0.22182771580297667f,1.4381912408479036f,0.022973602017141166f,-0.22176916925231588f,-0.9748285229616005f,0.12531015632615228f,0f,0f,0f,1f], start_interpolation: 0, interpolation_duration: 1 }
$data merge entity $(bone_body) { transformation: [-0.9997360719761781f,-0.0001268671860133445f,-0.022973251714964206f,0f,0f,0.9999847519698173f,-0.005522302768137351f,1.5f,0.022973602017141166f,-0.005520845277680811f,-0.9997208279703779f,0f,0f,0f,0f,1f], start_interpolation: 0, interpolation_duration: 1 }
$data merge entity $(bone_left_arm) { transformation: [-0.9953379894192326f,0f,-0.09644836348471471f,0.3125f,0f,1f,0f,1.328515625f,0.09644836348471471f,0f,-0.9953379894192326f,-0.01874999999999996f,0f,0f,0f,1f], start_interpolation: 0, interpolation_duration: 1 }
$data merge entity $(bone_right_arm) { transformation: [-0.9949859892120491f,0f,0.10001440532103492f,-0.3125f,0f,1f,0f,1.3291736601046882f,-0.10001440532103492f,0f,-0.9949859892120491f,0.012499999999999964f,0f,0f,0f,1f], start_interpolation: 0, interpolation_duration: 1 }
$data merge entity $(bone_left_leg) { transformation: [-0.9873879149797652f,0f,-0.1583196303428982f,0.11874999850988388f,0f,1f,0f,0.75f,0.1583196303428982f,0f,-0.9873879149797652f,-0.006249999999999987f,0f,0f,0f,1f], start_interpolation: 0, interpolation_duration: 1 }
$data merge entity $(bone_right_leg) { transformation: [-0.9975640502598242f,0.0012174183314141729f,0.06974584949530112f,-0.11874999850988388f,0f,0.9998476951563913f,-0.01745240643728351f,0.75f,-0.06975647374412543f,-0.017409893252357173f,-0.9974121164231597f,0.012499999999999989f,0f,0f,0f,1f], start_interpolation: 0, interpolation_duration: 1 }