# This file was generated by Animated Java via MC-Build. It is not recommended to edit this file directly.
$data merge entity $(bone_left_ear) { transformation: [-0.9805839639408827f,0.12276213874084702f,0.1529200672042705f,0.0501839481042122f,0.1350041609401803f,0.9881972104473598f,0.07238887893105111f,1.7497315974753496f,-0.14222857023405486f,0.0916282192112753f,-0.9855837373117249f,-0.27697881340471464f,0f,0f,0f,1f], start_interpolation: 0, interpolation_duration: 1 }
$data merge entity $(bone_right_ear) { transformation: [-0.9818009505927393f,-0.13348544825112504f,0.13508711456089986f,0.0501839481042122f,-0.12588545801546047f,0.9900195535816707f,0.06335720153374162f,1.7497315974753496f,-0.1421961492988865f,0.045198657404237445f,-0.9888060156033757f,-0.27697881340471464f,0f,0f,0f,1f], start_interpolation: 0, interpolation_duration: 1 }
$data merge entity $(bone_left_cheek) { transformation: [-0.9967160936060977f,0.00017006477877007554f,0.08097530379425423f,0.23487363404049202f,0.00009350008540955512f,0.9999995450223503f,-0.0009493222984191947f,1.6250595628567357f,-0.08097542839858748f,-0.0009386336150327143f,-0.9967156560236234f,0.10595155388523203f,0f,0f,0f,1f], start_interpolation: 0, interpolation_duration: 1 }
$data merge entity $(bone_right_cheek) { transformation: [-0.9967160936060977f,0.00017006477877007554f,0.08097530379425423f,-0.2571161986944749f,0.00009350008540955512f,0.9999995450223503f,-0.0009493222984191947f,1.6250595628567357f,-0.08097542839858748f,-0.0009386336150327143f,-0.9967156560236234f,0.0168111899336571f,0f,0f,0f,1f], start_interpolation: 0, interpolation_duration: 1 }
$data merge entity $(bone_floof) { transformation: [-0.9982453691097108f,0.010449673647314254f,0.05828368014874817f,-0.02507071595475984f,0.00011418719172195978f,0.9846428502780119f,-0.17458076743352305f,1.500134144390119f,-0.059212920991133344f,-0.17426778737637438f,-0.9829163587359001f,0.13837207750047822f,0f,0f,0f,1f], start_interpolation: 0, interpolation_duration: 1 }
$data merge entity $(bone_eyes_default) { transformation: [-0.9839796654699339f,0.00017006477877007554f,0.1782806467894033f,0f,-1.3552527156068805e-20f,0.9999995450223503f,-0.0009539156630685422f,1.5f,-0.17828072790314986f,-0.0009386336150327143f,-0.9839792177811785f,0f,0f,0f,0f,1f], start_interpolation: 0, interpolation_duration: 1 }
$data merge entity $(bone_eyes_closed) { transformation: [-0.00000983979665469934f,1.7006477877007555e-9f,0.0000017828064678940333f,0.04457016169735083f,-1.3552527156068807e-25f,0.000009999995450223504f,-9.539156630685423e-9f,1.4997615210842328f,-0.0000017828072790314988f,-9.386336150327144e-9f,-0.000009839792177811785f,-0.24599480444529462f,0f,0f,0f,1f], start_interpolation: 0, interpolation_duration: 1 }
$data merge entity $(bone_head) { transformation: [-0.9839796654699339f,0.00017006477877007554f,0.1782806467894033f,0f,-1.3552527156068805e-20f,0.9999995450223503f,-0.0009539156630685422f,1.5f,-0.17828072790314986f,-0.0009386336150327143f,-0.9839792177811785f,0f,0f,0f,0f,1f], start_interpolation: 0, interpolation_duration: 1 }
$data merge entity $(bone_breast) { transformation: [-0.9997216072180003f,-0.005248241387204236f,-0.023003565458423112f,0.0029583366985168765f,1.3552527156068805e-20f,0.9749478816867128f,-0.22243342373526379f,1.4382691195150286f,0.0235946617152762f,-0.2223714998756204f,-0.9746764632336253f,0.12534670573464773f,0f,0f,0f,1f], start_interpolation: 0, interpolation_duration: 1 }
$data merge entity $(bone_body) { transformation: [-0.9997216072180003f,-0.00014495428370809942f,-0.02359421644628096f,0f,1.3552527156068805e-20f,0.9999811284009659f,-0.006143520320710927f,1.5f,0.0235946617152762f,-0.006141810008997572f,-0.9997027408726832f,0f,0f,0f,0f,1f], start_interpolation: 0, interpolation_duration: 1 }
$data merge entity $(bone_left_arm) { transformation: [-0.9955321208710247f,0f,-0.09442349450237111f,0.3125f,0f,1f,0f,1.3288f,0.09442349450237111f,0f,-0.9955321208710247f,-0.01874999999999996f,0f,0f,0f,1f], start_interpolation: 0, interpolation_duration: 1 }
$data merge entity $(bone_right_arm) { transformation: [-0.9947654952491808f,0f,0.10218419379557755f,-0.3125f,0f,1f,0f,1.3285559854346836f,-0.10218419379557755f,0f,-0.9947654952491808f,0.012499999999999964f,0f,0f,0f,1f], start_interpolation: 0, interpolation_duration: 1 }
$data merge entity $(bone_left_leg) { transformation: [-0.987024406397454f,0f,-0.1605702997934343f,0.11874999850988388f,0f,1f,0f,0.75f,0.1605702997934343f,0f,-0.987024406397454f,-0.006249999999999987f,0f,0f,0f,1f], start_interpolation: 0, interpolation_duration: 1 }
$data merge entity $(bone_right_leg) { transformation: [-0.9975350494049396f,0.0012537169201729567f,0.07015877281259078f,-0.11874999850988388f,-1.0842021724855044e-19f,0.9998403749616279f,-0.01786685749065025f,0.75f,-0.07016997369733477f,-0.017822816569646814f,-0.9973758178344009f,0.012499999999999989f,0f,0f,0f,1f], start_interpolation: 0, interpolation_duration: 1 }