# This file was generated by Animated Java via MC-Build. It is not recommended to edit this file directly.
$data merge entity $(bone_left_ear) { transformation: [-0.9787530659574942f,0.12359597434684214f,0.1636046179178927f,0.051421882616946635f,0.13391340813543431f,0.9895439959542478f,0.05357125341498205f,1.7495957308019277f,-0.15527277610823315f,0.07434188049918013f,-0.9850703780966558f,-0.2768742018563316f,0f,0f,0f,1f], start_interpolation: 0, interpolation_duration: 1 }
$data merge entity $(bone_right_ear) { transformation: [-0.9797005092699886f,-0.1327176163688549f,0.15024295804294596f,0.051421882616946635f,-0.12704721381220832f,0.9907932077604078f,0.046774190729462185f,1.7495957308019277f,-0.1550674614439792f,0.026736749264084883f,-0.987542013607578f,-0.2768742018563316f,0f,0f,0f,1f], start_interpolation: 0, interpolation_duration: 1 }
$data merge entity $(bone_left_cheek) { transformation: [-0.9930247590744044f,0.0002623026288840072f,0.11790572107642637f,0.2344170786025747f,0.00009395058054276533f,0.999998968255627f,-0.0014334088634835253f,1.6250896513123931f,-0.11790597541477527f,-0.0014123331803713999f,-0.9930237591701813f,0.10692269354060531f,0f,0f,0f,1f], start_interpolation: 0, interpolation_duration: 1 }
$data merge entity $(bone_right_cheek) { transformation: [-0.9930247590744044f,0.0002623026288840072f,0.11790572107642637f,-0.25717652826078735f,0.00009395058054276533f,0.999998968255627f,-0.0014334088634835253f,1.6250896513123931f,-0.11790597541477527f,-0.0014123331803713999f,-0.9930237591701813f,0.015622498080407943f,0f,0f,0f,1f], start_interpolation: 0, interpolation_duration: 1 }
$data merge entity $(bone_floof) { transformation: [-0.9972225948602584f,0.013191350771676085f,0.07330132717073842f,-0.025678153479862815f,0.0001563855768770267f,0.9845587766332398f,-0.17505425129944555f,1.5002020056309895f,-0.07447866703777921f,-0.1745565914518174f,-0.9818263209636412f,0.13826055928061937f,0f,0f,0f,1f], start_interpolation: 0, interpolation_duration: 1 }
$data merge entity $(bone_eyes_default) { transformation: [-0.9831872137267241f,0.0002623026288840072f,0.1826002025234689f,0f,0f,0.999998968255627f,-0.0014364844870368265f,1.5f,-0.18260039092039473f,-0.0014123331803713999f,-0.9831861993288488f,0f,0f,0f,0f,1f], start_interpolation: 0, interpolation_duration: 1 }
$data merge entity $(bone_eyes_closed) { transformation: [-0.000009831872137267242f,2.6230262888400723e-9f,0.0000018260020252346891f,0.045650050630867224f,0f,0.00000999998968255627f,-1.4364844870368266e-8f,1.4996408788782407f,-0.0000018260039092039474f,-1.4123331803714e-8f,-0.000009831861993288488f,-0.2457965498322122f,0f,0f,0f,1f], start_interpolation: 0, interpolation_duration: 1 }
$data merge entity $(bone_head) { transformation: [-0.9831872137267241f,0.0002623026288840072f,0.1826002025234689f,0f,0f,0.999998968255627f,-0.0014364844870368265f,1.5f,-0.18260039092039473f,-0.0014123331803713999f,-0.9831861993288488f,0f,0f,0f,0f,1f], start_interpolation: 0, interpolation_duration: 1 }
$data merge entity $(bone_breast) { transformation: [-0.9997064395743018f,-0.00540427724924504f,-0.023618392432301082f,0.0030387938984561065f,0f,0.9748065920097083f,-0.22305180603263006f,1.438348663754008f,0.024228798436424465f,-0.22298632684949837f,-0.9745204273715845f,0.12538392429145906f,0f,0f,0f,1f], start_interpolation: 0, interpolation_duration: 1 }
$data merge entity $(bone_body) { transformation: [-0.9997064395743018f,-0.00016421855992117306f,-0.024228241907688266f,0f,0f,0.9999770302791673f,-0.0067778251716475715f,1.5f,0.024228798436424465f,-0.006775835470404875f,-0.99968347659647f,0f,0f,0f,0f,1f], start_interpolation: 0, interpolation_duration: 1 }
$data merge entity $(bone_left_arm) { transformation: [-0.9957175032278245f,0f,-0.09244811391124914f,0.3125f,0f,1f,0f,1.3290788194444445f,0.09244811391124914f,0f,-0.9957175032278245f,-0.01874999999999996f,0f,0f,0f,1f], start_interpolation: 0, interpolation_duration: 1 }
$data merge entity $(bone_right_arm) { transformation: [-0.9945530841148108f,0f,0.10423129509757628f,-0.3125f,0f,1f,0f,1.3279667586481565f,-0.10423129509757628f,0f,-0.9945530841148108f,0.012499999999999966f,0f,0f,0f,1f], start_interpolation: 0, interpolation_duration: 1 }
$data merge entity $(bone_left_leg) { transformation: [-0.9867196308446498f,0f,-0.16243266329712777f,0.11874999850988388f,0f,1f,0f,0.75f,0.16243266329712777f,0f,-0.9867196308446498f,-0.006249999999999987f,0f,0f,0f,1f], start_interpolation: 0, interpolation_duration: 1 }
$data merge entity $(bone_right_leg) { transformation: [-0.9975089559852794f,0.0012864847663951742f,0.07052820489778285f,-0.11874999850988388f,0f,0.9998336796916907f,-0.018237679517242724f,0.75f,-0.07053993712187308f,-0.018192248654838903f,-0.9973430499881787f,0.012499999999999989f,0f,0f,0f,1f], start_interpolation: 0, interpolation_duration: 1 }