# This file was generated by Animated Java via MC-Build. It is not recommended to edit this file directly.
$data merge entity $(bone_left_ear) { transformation: [-0.9768210092244086f,0.12478743054891978f,0.17392185922076223f,0.05254165125148773f,0.13279625354500502f,0.9905197990458152f,0.03515227933788538f,1.7495736074693347f,-0.16788648242851134f,0.057433656293470525f,-0.9841318530270955f,-0.27668384817063224f,0f,0f,0f,1f], start_interpolation: 0, interpolation_duration: 1 }
$data merge entity $(bone_right_ear) { transformation: [-0.9774804488743661f,-0.13152637274439583f,0.1650235902562725f,0.05254165125148773f,-0.12821516626574583f,0.9912739742328808f,0.030606848057214434f,1.7495736074693347f,-0.16760919786161796f,0.00875906851511719f,-0.9858146050403861f,-0.27668384817063224f,0f,0f,0f,1f], start_interpolation: 0, interpolation_duration: 1 }
$data merge entity $(bone_left_cheek) { transformation: [-0.9880210359898225f,0.0002826519159937178f,0.15431899607466476f,0.23398582715839022f,0.0000495707903654667f,0.9999988523229472f,-0.0015142310013202616f,1.6250945466762354f,-0.15431924696658791f,-0.0014884423680485248f,-0.9880199160720305f,0.1078574850479607f,0f,0f,0f,1f], start_interpolation: 0, interpolation_duration: 1 }
$data merge entity $(bone_right_cheek) { transformation: [-0.9880210359898225f,0.0002826519159937178f,0.15431899607466476f,-0.2572356034116093f,0.0000495707903654667f,0.9999988523229472f,-0.0015142310013202616f,1.6250945466762354f,-0.15431924696658791f,-0.0014884423680485248f,-0.9880199160720305f,0.014575621061636103f,0f,0f,0f,1f], start_interpolation: 0, interpolation_duration: 1 }
$data merge entity $(bone_floof) { transformation: [-0.9959985523528311f,0.015797107854553707f,0.08796212306724195f,-0.02623549413624465f,0.00014850010136180917f,0.98454480528124f,-0.17513281914434292f,1.500213052805701f,-0.08936924336025742f,-0.1744189719530442f,-0.9806075466587324f,0.13815586878931005f,0f,0f,0f,1f], start_interpolation: 0, interpolation_duration: 1 }
$data merge entity $(bone_eyes_default) { transformation: [-0.982442861139999f,0.0002826519159937178f,0.18656351385773973f,0f,0f,0.9999988523229472f,-0.001515042173873988f,1.5f,-0.1865637279726492f,-0.0014884423680485248f,-0.9824417336128715f,0f,0f,0f,0f,1f], start_interpolation: 0, interpolation_duration: 1 }
$data merge entity $(bone_eyes_closed) { transformation: [-0.000009824428611399991f,2.8265191599371784e-9f,0.0000018656351385773973f,0.04664087846443493f,0f,0.000009999988523229473f,-1.5150421738739883e-8f,1.4996212394565316f,-0.0000018656372797264921f,-1.488442368048525e-8f,-0.000009824417336128715f,-0.24561043340321786f,0f,0f,0f,1f], start_interpolation: 0, interpolation_duration: 1 }
$data merge entity $(bone_head) { transformation: [-0.982442861139999f,0.0002826519159937178f,0.18656351385773973f,0f,0f,0.9999988523229472f,-0.001515042173873988f,1.5f,-0.1865637279726492f,-0.0014884423680485248f,-0.9824417336128715f,0f,0f,0f,0f,1f], start_interpolation: 0, interpolation_duration: 1 }
$data merge entity $(bone_breast) { transformation: [-0.9996906255499056f,-0.0055635261750162585f,-0.024242532131324372f,0.003120544603392322f,0f,0.9746627141870424f,-0.2236796673225969f,1.4384294645008955f,0.0248727398498514f,-0.22361046654852165f,-0.9743611784458133f,0.12542161440410396f,0f,0f,0f,1f], start_interpolation: 0, interpolation_duration: 1 }
$data merge entity $(bone_body) { transformation: [-0.9996906255499056f,-0.00018460409478970752f,-0.024872054779743722f,0f,0f,0.9999724569905926f,-0.0074219445024594054f,1.5f,0.0248727398498514f,-0.007419648342460327f,-0.9996630910616016f,0f,0f,0f,0f,1f], start_interpolation: 0, interpolation_duration: 1 }
$data merge entity $(bone_left_arm) { transformation: [-0.9958929749482639f,0f,-0.09053829272024404f,0.3125f,0f,1f,0f,1.32935f,0.09053829272024404f,0f,-0.9958929749482639f,-0.01874999999999996f,0f,0f,0f,1f], start_interpolation: 0, interpolation_duration: 1 }
$data merge entity $(bone_right_arm) { transformation: [-0.9943521789733303f,0f,0.1061307880447054f,-0.3125f,0f,1f,0f,1.3274123805188893f,-0.1061307880447054f,0f,-0.9943521789733303f,0.012499999999999966f,0f,0f,0f,1f], start_interpolation: 0, interpolation_duration: 1 }
$data merge entity $(bone_left_leg) { transformation: [-0.986486509099847f,0f,-0.16384250780550616f,0.11874999850988388f,0f,1f,0f,0.75f,0.16384250780550616f,0f,-0.986486509099847f,-0.006249999999999987f,0f,0f,0f,1f], start_interpolation: 0, interpolation_duration: 1 }
$data merge entity $(bone_right_leg) { transformation: [-0.9974858184326043f,0.0013156251346012708f,0.07085415412199066f,-0.11874999850988388f,0f,0.9998276578880071f,-0.0185648733414027f,0.75f,-0.07086636738141443f,-0.01851819787904671f,-0.9973139096199726f,0.012499999999999989f,0f,0f,0f,1f], start_interpolation: 0, interpolation_duration: 1 }