# This file was generated by Animated Java via MC-Build. It is not recommended to edit this file directly.
$data merge entity $(bone_left_ear) { transformation: [-0.9748084734329072f,0.1263274354313131f,0.18382007284503085f,0.05353303423874581f,0.1316641505721647f,0.9911473599453499f,0.017072267789412256f,1.7496462926349443f,-0.18003608409848118f,0.040844705051089183f,-0.9828116393754066f,-0.2764281196239287f,0f,0f,0f,1f], start_interpolation: 0, interpolation_duration: 1 }
$data merge entity $(bone_right_ear) { transformation: [-0.9751635183771041f,-0.12992443252000557f,0.17937601361592892f,0.05353303423874581f,-0.12937786118399128f,0.9914850116371485f,0.01479326652025957f,1.7496462926349443f,-0.1797706357051765f,-0.008781431161152837f,-0.9836693575612279f,-0.2764281196239287f,0f,0f,0f,1f], start_interpolation: 0, interpolation_duration: 1 }
$data merge entity $(bone_left_cheek) { transformation: [-0.9817594257288371f,0.00023897570316438395f,0.19012725444606118f,0.23358677499222602f,0f,0.9999992100706826f,-0.0012569240274716471f,1.6250784590105523f,-0.19012740463327213f,-0.0012339970113953412f,-0.9817586502082841f,0.10873751716991137f,0f,0f,0f,1f], start_interpolation: 0, interpolation_duration: 1 }
$data merge entity $(bone_right_cheek) { transformation: [-0.9817594257288371f,0.00023897570316438395f,0.19012725444606118f,-0.25729293787219254f,0f,0.9999992100706826f,-0.0012569240274716471f,1.6250784590105523f,-0.19012740463327213f,-0.0012339970113953412f,-0.9817586502082841f,0.013673814853275311f,0f,0f,0f,1f], start_interpolation: 0, interpolation_duration: 1 }
$data merge entity $(bone_floof) { transformation: [-0.9945942167904838f,0.018266588286786227f,0.10221876383172099f,-0.026736645156477355f,0.00010954814719167016f,0.9845895430718177f,-0.17488115871308865f,1.5001767549413632f,-0.10383800809976836f,-0.1739245912054707f,-0.9792690665225173f,0.13805981018553995f,0f,0f,0f,1f], start_interpolation: 0, interpolation_duration: 1 }
$data merge entity $(bone_eyes_default) { transformation: [-0.9817594257288371f,0.00023897570316438395f,0.19012725444606118f,0f,0f,0.9999992100706826f,-0.0012569240274716471f,1.5f,-0.19012740463327213f,-0.0012339970113953412f,-0.9817586502082841f,0f,0f,0f,0f,1f], start_interpolation: 0, interpolation_duration: 1 }
$data merge entity $(bone_eyes_closed) { transformation: [-0.000009817594257288373f,2.3897570316438395e-9f,0.000001901272544460612f,0.047531813611515296f,0f,0.000009999992100706828f,-1.2569240274716472e-8f,1.499685768993132f,-0.0000019012740463327215f,-1.2339970113953412e-8f,-0.000009817586502082843f,-0.24543966255207103f,0f,0f,0f,1f], start_interpolation: 0, interpolation_duration: 1 }
$data merge entity $(bone_head) { transformation: [-0.9817594257288371f,0.00023897570316438395f,0.19012725444606118f,0f,0f,0.9999992100706826f,-0.0012569240274716471f,1.5f,-0.19012740463327213f,-0.0012339970113953412f,-0.9817586502082841f,0f,0f,0f,0f,1f], start_interpolation: 0, interpolation_duration: 1 }
$data merge entity $(bone_breast) { transformation: [-0.9996742297156127f,-0.005725209432434047f,-0.02487280481673147f,0.0032031751957598735f,-1.3552527156068805e-20f,0.9745169638568515f,-0.22431381400891046f,1.438511112191357f,0.025523213796394297f,-0.22424073923392876f,-0.9741994951883954f,0.12545958052186118f,0f,0f,0f,1f], start_interpolation: 0, interpolation_duration: 1 }
$data merge entity $(bone_body) { transformation: [-0.9996742297156127f,-0.000206038836719595f,-0.02552238214771919f,0f,-1.3552527156068805e-20f,0.9999674159891565f,-0.008072605525433573f,1.5f,0.025523213796394297f,-0.008069975710435806f,-0.9996416563196716f,0f,0f,0f,0f,1f], start_interpolation: 0, interpolation_duration: 1 }
$data merge entity $(bone_left_arm) { transformation: [-0.9960574864118044f,0f,-0.08871011082733547f,0.3125f,0f,1f,0f,1.3296114583333334f,0.08871011082733547f,0f,-0.9960574864118044f,-0.01874999999999996f,0f,0f,0f,1f], start_interpolation: 0, interpolation_duration: 1 }
$data merge entity $(bone_right_arm) { transformation: [-0.9941663350358874f,0f,0.10785776875734007f,-0.3125f,0f,1f,0f,1.3268992518206646f,-0.10785776875734007f,0f,-0.9941663350358874f,0.012499999999999966f,0f,0f,0f,1f], start_interpolation: 0, interpolation_duration: 1 }
$data merge entity $(bone_left_leg) { transformation: [-0.9863377634994053f,0f,-0.1647355951061918f,0.11874999850988388f,0f,1f,0f,0.75f,0.1647355951061918f,0f,-0.9863377634994053f,-0.006249999999999987f,0f,0f,0f,1f], start_interpolation: 0, interpolation_duration: 1 }
$data merge entity $(bone_right_leg) { transformation: [-0.9974656794790776f,0.001341052678680507f,0.07113662797079401f,-0.11874999850988388f,1.0842021724855044e-19f,0.999822352380809f,-0.018848439715408175f,0.75f,-0.07114926746876701f,-0.018800671727850046f,-0.9972884820758934f,0.012499999999999989f,0f,0f,0f,1f], start_interpolation: 0, interpolation_duration: 1 }