# This file was generated by Animated Java via MC-Build. It is not recommended to edit this file directly.
$data merge entity $(bone_left_ear) { transformation: [-0.9914312043542788f,0.130614296126122f,-0.0020180882294514343f,-0.000545304123608964f,0.13039906829382722f,0.990479259288366f,0.04412391537104973f,1.7621663676411639f,0.007762088683203862f,0.0434826697322909f,-0.9990240274448992f,-0.2699445513827811f,0f,0f,0f,1f], start_interpolation: 0, interpolation_duration: 1 }
$data merge entity $(bone_right_ear) { transformation: [-0.9914544726747736f,-0.1304375556850271f,-0.0020180882294514343f,-0.000545304123608964f,-0.13039906829382722f,0.990479259288366f,0.04412391537104973f,1.7621663676411639f,-0.0037565411335670953f,0.044010010071405654f,-0.9990240274448992f,-0.2699445513827811f,0f,0f,0f,1f], start_interpolation: 0, interpolation_duration: 1 }
$data merge entity $(bone_left_cheek) { transformation: [-0.9999979596855428f,0.00008913276369700746f,-0.0020180882294514343f,0.25013676203118856f,6.776263578034403e-21f,0.9990260657722242f,0.04412391537104973f,1.6221205135108374f,0.002020055630772255f,0.04412382534438729f,-0.9990240274448992f,0.06744946597566154f,0f,0f,0f,1f], start_interpolation: 0, interpolation_duration: 1 }
$data merge entity $(bone_right_cheek) { transformation: [-0.9999979596855428f,0.00008913276369700746f,-0.0020180882294514343f,-0.24986221781158288f,6.776263578034403e-21f,0.9990260657722242f,0.04412391537104973f,1.6221205135108374f,0.002020055630772255f,0.04412382534438729f,-0.9990240274448992f,0.06845949379104767f,0f,0f,0f,1f], start_interpolation: 0, interpolation_duration: 1 }
$data merge entity $(bone_floof) { transformation: [-0.9999979596855428f,-0.00026265870667910546f,-0.0020029066766128548f,0.00028379365726660796f,6.776263578034403e-21f,0.991510652529483f,-0.1300254818124453f,1.493795074400946f,0.002020055630772255f,-0.13002521651957497f,-0.9915086295359643f,0.14048775385943896f,0f,0f,0f,1f], start_interpolation: 0, interpolation_duration: 1 }
$data merge entity $(bone_eyes_default) { transformation: [-0.9999979596855428f,0.00008913276369700746f,-0.0020180882294514343f,0f,6.776263578034403e-21f,0.9990260657722242f,0.04412391537104973f,1.5f,0.002020055630772255f,0.04412382534438729f,-0.9990240274448992f,0f,0f,0f,0f,1f], start_interpolation: 0, interpolation_duration: 1 }
$data merge entity $(bone_eyes_closed) { transformation: [-0.000009999979596855429f,8.913276369700746e-10f,-2.0180882294514344e-8f,-0.0005045220573628586f,6.776263578034403e-26f,0.000009990260657722243f,4.412391537104974e-7f,1.5110309788427625f,2.020055630772255e-8f,4.412382534438729e-7f,-0.000009990240274448993f,-0.2497560068612248f,0f,0f,0f,1f], start_interpolation: 0, interpolation_duration: 1 }
$data merge entity $(bone_head) { transformation: [-0.9999979596855428f,0.00008913276369700746f,-0.0020180882294514343f,0f,6.776263578034403e-21f,0.9990260657722242f,0.04412391537104973f,1.5f,0.002020055630772255f,0.04412382534438729f,-0.9990240274448992f,0f,0f,0f,0f,1f], start_interpolation: 0, interpolation_duration: 1 }
$data merge entity $(bone_breast) { transformation: [-0.9998454787877181f,-0.0038069470094317993f,-0.01716175114101378f,0.002197504430217907f,0f,0.976268611820809f,-0.21656314915855465f,1.4375158175466618f,0.017578923395894f,-0.2165296855582111f,-0.9761177576113977f,0.12498859114902099f,0f,0f,0f,1f], start_interpolation: 0, interpolation_duration: 1 }
$data merge entity $(bone_body) { transformation: [-0.9998454787877181f,-0.0000022243731626171403f,-0.01757892325516195f,0f,0f,0.9999999919942735f,-0.00012653637043191725f,1.5f,0.017578923395894f,-0.00012651681787856036f,-0.9998454707832286f,0f,0f,0f,0f,1f], start_interpolation: 0, interpolation_duration: 1 }
$data merge entity $(bone_left_arm) { transformation: [-0.9927756940581656f,0f,-0.11998508777063716f,0.3125f,0f,1f,0f,1.325261111111111f,0.11998508777063716f,0f,-0.9927756940581656f,-0.018749999999999965f,0f,0f,0f,1f], start_interpolation: 0, interpolation_duration: 1 }
$data merge entity $(bone_right_arm) { transformation: [-0.9974031096718855f,0f,0.07202108591831106f,-0.3125f,0f,1f,0f,1.3368798361401912f,-0.07202108591831106f,0f,-0.9974031096718855f,0.012499999999999964f,0f,0f,0f,1f], start_interpolation: 0, interpolation_duration: 1 }
$data merge entity $(bone_left_leg) { transformation: [-0.9923965194377007f,0f,-0.12308187603354687f,0.11874999850988388f,0f,1f,0f,0.75f,0.12308187603354687f,0f,-0.9923965194377007f,-0.006249999999999987f,0f,0f,0f,1f], start_interpolation: 0, interpolation_duration: 1 }
$data merge entity $(bone_right_leg) { transformation: [-0.9985451875432354f,0.0000856056196204571f,0.053921249113152936f,-0.11874999850988388f,0f,0.9999987397583027f,-0.0015876025341520531f,0.75f,-0.053921317067045074f,-0.0015852928702089779f,-0.9985439291349534f,0.012499999999999989f,0f,0f,0f,1f], start_interpolation: 0, interpolation_duration: 1 }