# This file was generated by Animated Java via MC-Build. It is not recommended to edit this file directly.
$data merge entity $(bone_left_ear) { transformation: [-0.9727376383725489f,0.12820552375478547f,0.1932481062576226f,0.05438627182508778f,0.13052615749230473f,0.9914445975903844f,-0.0007294649647534933f,1.7497947714637623f,-0.19168831238155945f,0.024514354725382253f,-0.9811496508222932f,-0.27612726791523934f,0f,0f,0f,1f], start_interpolation: 0, interpolation_duration: 1 }
$data merge entity $(bone_right_ear) { transformation: [-0.9727744383425633f,-0.1279260002312003f,0.1932481062576226f,0.05438627182508778f,-0.13052615749230473f,0.9914445975903844f,-0.0007294649647534933f,1.7497947714637623f,-0.19150147340844273f,-0.025933537623850738f,-0.9811496508222932f,-0.27612726791523934f,0f,0f,0f,1f], start_interpolation: 0, interpolation_duration: 1 }
$data merge entity $(bone_left_cheek) { transformation: [-0.981149911866649f,0.00014096776052572238f,0.1932481062576226f,0.23322709229562655f,-1.3552527156068805e-20f,0.9999997339403972f,-0.0007294649647534933f,1.6250455583028467f,-0.19324815767315065f,-0.0007157144858776983f,-0.9811496508222932f,0.10954442828394628f,0f,0f,0f,1f], start_interpolation: 0, interpolation_duration: 1 }
$data merge entity $(bone_right_cheek) { transformation: [-0.981149911866649f,0.00014096776052572238f,0.1932481062576226f,-0.25734786363769796f,-1.3552527156068805e-20f,0.9999997339403972f,-0.0007294649647534933f,1.6250455583028467f,-0.19324815767315065f,-0.0007157144858776983f,-0.9811496508222932f,0.01292034944737095f,0f,0f,0f,1f], start_interpolation: 0, interpolation_duration: 1 }
$data merge entity $(bone_floof) { transformation: [-0.9942590224702006f,0.018719161975205567f,0.10534984201007207f,-0.027175514942478177f,0.00006357706081148584f,0.9846813027514361f,-0.17436378055574492f,1.5001025810106685f,-0.10699996352596794f,-0.1733560641762516f,-0.9790294596276258f,0.13797416964688497f,0f,0f,0f,1f], start_interpolation: 0, interpolation_duration: 1 }
$data merge entity $(bone_eyes_default) { transformation: [-0.981149911866649f,0.00014096776052572238f,0.1932481062576226f,0f,-1.3552527156068805e-20f,0.9999997339403972f,-0.0007294649647534933f,1.5f,-0.19324815767315065f,-0.0007157144858776983f,-0.9811496508222932f,0f,0f,0f,0f,1f], start_interpolation: 0, interpolation_duration: 1 }
$data merge entity $(bone_eyes_closed) { transformation: [-0.000009811499118666492f,1.4096776052572238e-9f,0.000001932481062576226f,0.04831202656440565f,-1.3552527156068807e-25f,0.000009999997339403973f,-7.294649647534934e-9f,1.4998176337588116f,-0.0000019324815767315068f,-7.157144858776983e-9f,-0.000009811496508222933f,-0.2452874127055733f,0f,0f,0f,1f], start_interpolation: 0, interpolation_duration: 1 }
$data merge entity $(bone_head) { transformation: [-0.981149911866649f,0.00014096776052572238f,0.1932481062576226f,0f,-1.3552527156068805e-20f,0.9999997339403972f,-0.0007294649647534933f,1.5f,-0.19324815767315065f,-0.0007157144858776983f,-0.9811496508222932f,0f,0f,0f,0f,1f], start_interpolation: 0, interpolation_duration: 1 }
$data merge entity $(bone_breast) { transformation: [-0.9996573249755573f,-0.005888532121360891f,-0.025506034818622f,0.003286271075527f,1.3552527156068805e-20f,0.9743700647852352f,-0.22495105434386498f,1.4385931967457861f,0.02617694830787303f,-0.2248739692358193f,-0.9740361724994686f,0.12549762920675597f,0f,0f,0f,1f], start_interpolation: 0, interpolation_duration: 1 }
$data merge entity $(bone_body) { transformation: [-0.9996573249755573f,-0.00022843406864775354f,-0.026175951569892122f,0f,1.3552527156068805e-20f,0.9999619230641713f,-0.008726535498373935f,1.5f,0.02617694830787303f,-0.00872354513260873f,-0.9996192610877435f,0f,0f,0f,0f,1f], start_interpolation: 0, interpolation_duration: 1 }
$data merge entity $(bone_left_arm) { transformation: [-0.9962100880483805f,0f,-0.08697965549850123f,0.3125f,0f,1f,0f,1.3298611111111112f,0.08697965549850123f,0f,-0.9962100880483805f,-0.01874999999999996f,0f,0f,0f,1f], start_interpolation: 0, interpolation_duration: 1 }
$data merge entity $(bone_right_arm) { transformation: [-0.993999199399457f,0f,0.10938734658651562f,-0.3125f,0f,1f,0f,1.3264337733272644f,-0.10938734658651562f,0f,-0.993999199399457f,0.012499999999999966f,0f,0f,0f,1f], start_interpolation: 0, interpolation_duration: 1 }
$data merge entity $(bone_left_leg) { transformation: [-0.9862856015372314f,0f,-0.16504760586067754f,0.11874999850988388f,0f,1f,0f,0.75f,0.16504760586067754f,0f,-0.9862856015372314f,-0.006249999999999987f,0f,0f,0f,1f], start_interpolation: 0, interpolation_duration: 1 }
$data merge entity $(bone_right_leg) { transformation: [-0.9974485761579105f,0.0013626934386883904f,0.07137563300699429f,-0.11874999850988388f,0f,0.999817800289289f,-0.019088379310129047f,0.75f,-0.07138863999654971f,-0.01903967676405034f,-0.9972668413158855f,0.012499999999999989f,0f,0f,0f,1f], start_interpolation: 0, interpolation_duration: 1 }