# This file was generated by Animated Java via MC-Build. It is not recommended to edit this file directly.
$data merge entity $(bone_left_ear) { transformation: [-0.9722379201267184f,0.12799755043385755f,0.19588275511286043f,0.055092024875491995f,0.13052619222005157f,0.9914448613738104f,1.9377047211159066e-18f,1.75f,-0.19420695098838997f,0.025567830146454515f,-0.9806273228140215f,-0.27580143454144357f,0f,0f,0f,1f], start_interpolation: 0, interpolation_duration: 1 }
$data merge entity $(bone_right_ear) { transformation: [-0.9722379201267184f,-0.12799755043385755f,0.19588275511286043f,0.055092024875491995f,-0.13052619222005157f,0.9914448613738104f,1.9377047211159066e-18f,1.75f,-0.19420695098838997f,-0.025567830146454508f,-0.9806273228140215f,-0.27580143454144357f,0f,0f,0f,1f], start_interpolation: 0, interpolation_duration: 1 }
$data merge entity $(bone_left_cheek) { transformation: [-0.9806273228140215f,-3.795629393673807e-19f,0.19588275511286043f,0.2329141585089516f,0f,1f,1.9377047211159066e-18f,1.625f,-0.19588275511286043f,1.900166193071982e-18f,-0.9806273228140215f,0.11025989645409146f,0f,0f,0f,1f], start_interpolation: 0, interpolation_duration: 1 }
$data merge entity $(bone_right_cheek) { transformation: [-0.9806273228140215f,-3.795629393673807e-19f,0.19588275511286043f,-0.2573995028980592f,0f,1f,1.9377047211159066e-18f,1.625f,-0.19588275511286043f,1.900166193071982e-18f,-0.9806273228140215f,0.012318518897661238f,0f,0f,0f,1f], start_interpolation: 0, interpolation_duration: 1 }
$data merge entity $(bone_floof) { transformation: [-0.9939680468045499f,0.019044005961610114f,0.1080039247827707f,-0.027546012437745997f,6.984796437939029e-19f,0.984807753012208f,-0.17364817766693033f,1.5f,-0.10967005941253173f,-0.1726007399867682f,-0.978867438739522f,0.13790071727072178f,0f,0f,0f,1f], start_interpolation: 0, interpolation_duration: 1 }
$data merge entity $(bone_eyes_default) { transformation: [-0.9806273228140215f,-3.795629393673807e-19f,0.19588275511286043f,0f,0f,1f,1.9377047211159066e-18f,1.5f,-0.19588275511286043f,1.900166193071982e-18f,-0.9806273228140215f,0f,0f,0f,0f,1f], start_interpolation: 0, interpolation_duration: 1 }
$data merge entity $(bone_eyes_closed) { transformation: [-0.000009806273228140216f,-3.7956293936738075e-24f,0.0000019588275511286045f,0.04897068877821511f,0f,0.00001f,1.9377047211159067e-23f,1.5f,-0.0000019588275511286045f,1.900166193071982e-23f,-0.000009806273228140216f,-0.24515683070350539f,0f,0f,0f,1f], start_interpolation: 0, interpolation_duration: 1 }
$data merge entity $(bone_head) { transformation: [-0.9806273228140215f,-3.795629393673807e-19f,0.19588275511286043f,0f,0f,1f,1.9377047211159066e-18f,1.5f,-0.19588275511286043f,1.900166193071982e-18f,-0.9806273228140215f,0f,0f,0f,0f,1f], start_interpolation: 0, interpolation_duration: 1 }
$data merge entity $(bone_breast) { transformation: [-0.9996399927274667f,-0.006052682875747609f,-0.026139050668223602f,0.003369416648314661f,0f,0.9742227490197964f,-0.22558819847747047f,1.4386753075611158f,0.026830671624659887f,-0.22550698508542089f,-0.973872021745082f,0.12553556917752967f,0f,0f,0f,1f], start_interpolation: 0, interpolation_duration: 1 }
$data merge entity $(bone_body) { transformation: [-0.9996399927274667f,-0.0002516840886167601f,-0.02682949114220891f,0f,0f,0.9999560025008881f,-0.009380461739371408f,1.5f,0.026830671624659887f,-0.009377084704925515f,-0.9995960110677745f,0f,0f,0f,0f,1f], start_interpolation: 0, interpolation_duration: 1 }
$data merge entity $(bone_left_arm) { transformation: [-0.9963499158724415f,0f,-0.08536301975081917f,0.3125f,0f,1f,0f,1.330096875f,0.08536301975081917f,0f,-0.9963499158724415f,-0.01874999999999996f,0f,0f,0f,1f], start_interpolation: 0, interpolation_duration: 1 }
$data merge entity $(bone_right_arm) { transformation: [-0.9938544646479238f,0f,0.11069463898215161f,-0.3125f,0f,1f,0f,1.3260223458124716f,-0.11069463898215161f,0f,-0.9938544646479238f,0.012499999999999966f,0f,0f,0f,1f], start_interpolation: 0, interpolation_duration: 1 }
$data merge entity $(bone_left_leg) { transformation: [-0.9863377634994053f,0f,-0.1647355951061918f,0.11874999850988388f,0f,1f,0f,0.75f,0.1647355951061918f,0f,-0.9863377634994053f,-0.006249999999999987f,0f,0f,0f,1f], start_interpolation: 0, interpolation_duration: 1 }
$data merge entity $(bone_right_leg) { transformation: [-0.997434539803927f,0.0013804848380251282f,0.07157117483833982f,-0.11874999850988388f,1.0842021724855044e-19f,0.9998140330217412f,-0.019284692706928952f,0.75f,-0.07158448718911258f,-0.019235218595395828f,-0.9972490499165487f,0.012499999999999989f,0f,0f,0f,1f], start_interpolation: 0, interpolation_duration: 1 }