# This file was generated by Animated Java via MC-Build. It is not recommended to edit this file directly.
$data merge entity $(bone_left_ear) { transformation: [-0.9718410005774688f,0.12777273027485705f,0.19798787587802655f,0.0556413179921967f,0.13052614348613265f,0.9914444912029453f,0.0008641353888760918f,1.7502429447368577f,-0.1961835759262781f,0.026682396096329657f,-0.9802040880731608f,-0.2754706424313075f,0f,0f,0f,1f], start_interpolation: 0, interpolation_duration: 1 }
$data merge entity $(bone_right_ear) { transformation: [-0.971796337544267f,-0.12811197969298724f,0.19798787587802655f,0.0556413179921967f,-0.13052614348613265f,0.9914444912029453f,0.0008641353888760918f,1.7502429447368577f,-0.19640469495963364f,-0.02500283028931774f,-0.9802040880731608f,-0.2754706424313075f,0f,0f,0f,1f], start_interpolation: 0, interpolation_duration: 1 }
$data merge entity $(bone_left_cheek) { transformation: [-0.9802044540472507f,-0.00017108839399303754f,0.19798787587802655f,0.2326554852201869f,1.3552527156068805e-20f,0.9999996266349451f,0.0008641353888760918f,1.6249459448675634f,-0.1979879497998083f,0.0008470293570761982f,-0.9802040880731608f,0.11086562162415915f,0f,0f,0f,1f], start_interpolation: 0, interpolation_duration: 1 }
$data merge entity $(bone_right_cheek) { transformation: [-0.9802044540472507f,-0.00017108839399303754f,0.19798787587802655f,-0.25744674180343846f,1.3552527156068805e-20f,0.9999996266349451f,0.0008641353888760918f,1.6249459448675634f,-0.1979879497998083f,0.0008470293570761982f,-0.9802040880731608f,0.011871646724255003f,0f,0f,0f,1f], start_interpolation: 0, interpolation_duration: 1 }
$data merge entity $(bone_floof) { transformation: [-0.9937302605449657f,0.01924607602006441f,0.11013517982490718f,-0.027842045045347482f,-0.00007531436165203132f,0.9849568698483274f,-0.17280034394159016f,1.4998784809609393f,-0.11180413053631642f,-0.17172522556810002f,-0.9787799973940025f,0.13784119988528826f,0f,0f,0f,1f], start_interpolation: 0, interpolation_duration: 1 }
$data merge entity $(bone_eyes_default) { transformation: [-0.9802044540472507f,-0.00017108839399303754f,0.19798787587802655f,0f,1.3552527156068805e-20f,0.9999996266349451f,0.0008641353888760918f,1.5f,-0.1979879497998083f,0.0008470293570761982f,-0.9802040880731608f,0f,0f,0f,0f,1f], start_interpolation: 0, interpolation_duration: 1 }
$data merge entity $(bone_eyes_closed) { transformation: [-0.000009802044540472507f,-1.7108839399303756e-9f,0.0000019798787587802657f,0.04949696896950664f,1.3552527156068807e-25f,0.000009999996266349453f,8.64135388876092e-9f,1.500216033847219f,-0.000001979879497998083f,8.470293570761983e-9f,-0.000009802040880731609f,-0.2450510220182902f,0f,0f,0f,1f], start_interpolation: 0, interpolation_duration: 1 }
$data merge entity $(bone_head) { transformation: [-0.9802044540472507f,-0.00017108839399303754f,0.19798787587802655f,0f,1.3552527156068805e-20f,0.9999996266349451f,0.0008641353888760918f,1.5f,-0.1979879497998083f,0.0008470293570761982f,-0.9802040880731608f,0f,0f,0f,0f,1f], start_interpolation: 0, interpolation_duration: 1 }
$data merge entity $(bone_breast) { transformation: [-0.9996223229158351f,-0.0062168337737593775f,-0.02676868517838124f,0.003452195326214884f,-2.710505431213761e-20f,0.9740757569387065f,-0.22622205848300017f,1.43875703350927f,0.027481112210932128f,-0.22613661959557854f,-0.9737078708470702f,0.1255732113264808f,0f,0f,0f,1f], start_interpolation: 0, interpolation_duration: 1 }
$data merge entity $(bone_body) { transformation: [-0.9996223229158351f,-0.0002756661046101752f,-0.027479729557413984f,0f,-2.710505431213761e-20f,0.9999496871339294f,-0.010031111641126151f,1.5f,0.027481112210932128f,-0.010027323120130598f,-0.9995720290517811f,0f,0f,0f,0f,1f], start_interpolation: 0, interpolation_duration: 1 }
$data merge entity $(bone_left_arm) { transformation: [-0.9964761744205282f,0f,-0.08387630065894196f,0.3125f,0f,1f,0f,1.3303166666666666f,0.08387630065894196f,0f,-0.9964761744205282f,-0.01874999999999996f,0f,0f,0f,1f], start_interpolation: 0, interpolation_duration: 1 }
$data merge entity $(bone_right_arm) { transformation: [-0.9937358162152153f,0f,0.11175476531709885f,-0.3125f,0f,1f,0f,1.3256713700500682f,-0.11175476531709885f,0f,-0.9937358162152153f,0.012499999999999966f,0f,0f,0f,1f], start_interpolation: 0, interpolation_duration: 1 }
$data merge entity $(bone_left_leg) { transformation: [-0.986486509099847f,0f,-0.16384250780550616f,0.11874999850988388f,0f,1f,0f,0.75f,0.16384250780550616f,0f,-0.986486509099847f,-0.006249999999999987f,0f,0f,0f,1f], start_interpolation: 0, interpolation_duration: 1 }
$data merge entity $(bone_right_leg) { transformation: [-0.9974235960540456f,0.0013943756810147882f,0.07172325809021896f,-0.11874999850988388f,0f,0.9998110762756847f,-0.01943738039081292f,0.75f,-0.07173681087570011f,-0.019387301847275017f,-0.9972351590735591f,0.012499999999999989f,0f,0f,0f,1f], start_interpolation: 0, interpolation_duration: 1 }