# This file was generated by Animated Java via MC-Build. It is not recommended to edit this file directly.
$data merge entity $(bone_left_ear) { transformation: [-0.9715573034175058f,0.12754659420471098f,0.19952010546028512f,0.05602546467853594f,0.13052598179872138f,0.9914432630651261f,0.0017956052614323205f,1.7505046109546711f,-0.19758384106901145f,0.027787091059587616f,-0.9798920875886599f,-0.27515477407815947f,0f,0f,0f,1f], start_interpolation: 0, interpolation_duration: 1 }
$data merge entity $(bone_right_ear) { transformation: [-0.9714637788088754f,-0.1282569841353569f,0.19952010546028512f,0.05602546467853594f,-0.13052598179872138f,0.9914432630651261f,0.0017956052614323205f,1.7505046109546711f,-0.19804316332017208f,-0.024298192181268007f,-0.9798920875886599f,-0.27515477407815947f,0f,0f,0f,1f], start_interpolation: 0, interpolation_duration: 1 }
$data merge entity $(bone_left_cheek) { transformation: [-0.9798936672756592f,-0.00035825992867700334f,0.19952010546028512f,0.23245862773656234f,0f,0.9999983878995731f,0.0017956052614323205f,1.6248875731586072f,-0.19952042710725085f,0.0017595022246043852f,-0.9798920875886599f,0.1113433000291795f,0f,0f,0f,1f], start_interpolation: 0, interpolation_duration: 1 }
$data merge entity $(bone_right_cheek) { transformation: [-0.9798936672756592f,-0.00035825992867700334f,0.19952010546028512f,-0.25748820590126725f,0f,0.9999983878995731f,0.0017956052614323205f,1.6248875731586072f,-0.19952042710725085f,0.0017595022246043852f,-0.9798920875886599f,0.011583086475554075f,0f,0f,0f,1f], start_interpolation: 0, interpolation_duration: 1 }
$data merge entity $(bone_floof) { transformation: [-0.9935541990181709f,0.01933150802636792f,0.11169756671829249f,-0.028057514830352594f,-0.00015649731024173594f,0.9851167824779024f,-0.17188630076005773f,1.4997474930101111f,-0.11335796893890093f,-0.17079583624260755f,-0.978763890425181f,0.1377973248171553f,0f,0f,0f,1f], start_interpolation: 0, interpolation_duration: 1 }
$data merge entity $(bone_eyes_default) { transformation: [-0.9798936672756592f,-0.00035825992867700334f,0.19952010546028512f,0f,0f,0.9999983878995731f,0.0017956052614323205f,1.5f,-0.19952042710725085f,0.0017595022246043852f,-0.9798920875886599f,0f,0f,0f,0f,1f], start_interpolation: 0, interpolation_duration: 1 }
$data merge entity $(bone_eyes_closed) { transformation: [-0.000009798936672756593f,-3.5825992867700338e-9f,0.0000019952010546028513f,0.04988002636507128f,0f,0.000009999983878995731f,1.7956052614323207e-8f,1.5004489013153581f,-0.0000019952042710725085f,1.7595022246043854e-8f,-0.0000097989208758866f,-0.24497302189716497f,0f,0f,0f,1f], start_interpolation: 0, interpolation_duration: 1 }
$data merge entity $(bone_head) { transformation: [-0.9798936672756592f,-0.00035825992867700334f,0.19952010546028512f,0f,0f,0.9999983878995731f,0.0017956052614323205f,1.5f,-0.19952042710725085f,0.0017595022246043852f,-0.9798920875886599f,0f,0f,0f,0f,1f], start_interpolation: 0, interpolation_duration: 1 }
$data merge entity $(bone_breast) { transformation: [-0.9996044139780244f,-0.0063801404554032345f,-0.02739177547038284f,0.003534189541061461f,-2.710505431213761e-20f,0.9739298371954058f,-0.22684944835844362f,1.438837962942191f,0.028124998767120685f,-0.22675970988758015f,-0.9735445641654265f,0.12561036870906417f,0f,0f,0f,1f], start_interpolation: 0, interpolation_duration: 1 }
$data merge entity $(bone_body) { transformation: [-0.9996044139780244f,-0.00030024034358567295f,-0.02812339615669885f,0f,-2.710505431213761e-20f,0.9999430182936146f,-0.010675212684335f,1.5f,0.028124998767120685f,-0.010670989719415458f,-0.9995474548128056f,0f,0f,0f,0f,1f], start_interpolation: 0, interpolation_duration: 1 }
$data merge entity $(bone_left_arm) { transformation: [-0.9965881170921637f,0f,-0.08253559759701122f,0.3125f,0f,1f,0f,1.3305184027777779f,0.08253559759701122f,0f,-0.9965881170921637f,-0.01874999999999996f,0f,0f,0f,1f], start_interpolation: 0, interpolation_duration: 1 }
$data merge entity $(bone_right_arm) { transformation: [-0.9936468735060525f,0f,0.11254283971735793f,-0.3125f,0f,1f,0f,1.325387246813837f,-0.11254283971735793f,0f,-0.9936468735060525f,0.012499999999999966f,0f,0f,0f,1f], start_interpolation: 0, interpolation_duration: 1 }
$data merge entity $(bone_left_leg) { transformation: [-0.9867196308446498f,0f,-0.16243266329712777f,0.11874999850988388f,0f,1f,0f,0.75f,0.16243266329712777f,0f,-0.9867196308446498f,-0.006249999999999987f,0f,0f,0f,1f], start_interpolation: 0, interpolation_duration: 1 }
$data merge entity $(bone_right_leg) { transformation: [-0.9974157648476766f,0.0014043261509018826f,0.07183188638332094f,-0.11874999850988388f,0f,0.9998089500379678f,-0.01954644274482103f,0.75f,-0.07184561248485835f,-0.019495930140376982f,-0.997225208603672f,0.012499999999999989f,0f,0f,0f,1f], start_interpolation: 0, interpolation_duration: 1 }