# This file was generated by Animated Java via MC-Build. It is not recommended to edit this file directly.
$data merge entity $(bone_left_ear) { transformation: [-0.9713964651796455f,0.12733544839081723f,0.2004360023039751f,0.05623597420846518f,0.13052570686205295f,0.9914411747137961f,0.002727073576053814f,1.7507660598252506f,-0.1983732524425887f,0.028811120513393913f,-0.979703001960345f,-0.27487353627540007f,0f,0f,0f,1f], start_interpolation: 0, interpolation_duration: 1 }
$data merge entity $(bone_right_ear) { transformation: [-0.9712537724431419f,-0.12841930733097073f,0.2004360023039751f,0.05623597420846518f,-0.13052570686205295f,0.9914411747137961f,0.002727073576053814f,1.7507660598252506f,-0.19907071447886765f,-0.023513370382858147f,-0.979703001960345f,-0.27487353627540007f,0f,0f,0f,1f], start_interpolation: 0, interpolation_duration: 1 }
$data merge entity $(bone_left_cheek) { transformation: [-0.9797066449721294f,-0.0005466057581112704f,0.2004360023039751f,0.23233108537927002f,0f,0.9999962815279418f,0.002727073576053814f,1.6248290930924894f,-0.20043674762242056f,0.0026717321037878295f,-0.979703001960345f,0.11167459104110018f,0f,0f,0f,1f], start_interpolation: 0, interpolation_duration: 1 }
$data merge entity $(bone_right_cheek) { transformation: [-0.9797066449721294f,-0.0005466057581112704f,0.2004360023039751f,-0.2575222371067947f,0f,0.9999962815279418f,0.002727073576053814f,1.6248290930924894f,-0.20043674762242056f,0.0026717321037878295f,-0.979703001960345f,0.011456217229889903f,0f,0f,0f,1f], start_interpolation: 0, interpolation_duration: 1 }
$data merge entity $(bone_floof) { transformation: [-0.9934477140606617f,0.019307292678452576f,0.11264487505907375f,-0.028186312823996498f,-0.00023768012304848155f,0.9852758403830593f,-0.17097210844349783f,1.4996165052783674f,-0.11428728247624437f,-0.16987862374908932f,-0.9788154423880482f,0.13777073465067352f,0f,0f,0f,1f], start_interpolation: 0, interpolation_duration: 1 }
$data merge entity $(bone_eyes_default) { transformation: [-0.9797066449721294f,-0.0005466057581112704f,0.2004360023039751f,0f,0f,0.9999962815279418f,0.002727073576053814f,1.5f,-0.20043674762242056f,0.0026717321037878295f,-0.979703001960345f,0f,0f,0f,0f,1f], start_interpolation: 0, interpolation_duration: 1 }
$data merge entity $(bone_eyes_closed) { transformation: [-0.000009797066449721295f,-5.466057581112705e-9f,0.000002004360023039751f,0.050109000575993774f,0f,0.000009999962815279419f,2.7270735760538143e-8f,1.5006817683940135f,-0.000002004367476224206f,2.6717321037878298e-8f,-0.000009797030019603451f,-0.24492575049008625f,0f,0f,0f,1f], start_interpolation: 0, interpolation_duration: 1 }
$data merge entity $(bone_head) { transformation: [-0.9797066449721294f,-0.0005466057581112704f,0.2004360023039751f,0f,0f,0.9999962815279418f,0.002727073576053814f,1.5f,-0.20043674762242056f,0.0026717321037878295f,-0.979703001960345f,0f,0f,0f,0f,1f], start_interpolation: 0, interpolation_duration: 1 }
$data merge entity $(bone_breast) { transformation: [-0.9995863726833043f,-0.006541742447164845f,-0.028005162945238193f,0.003614980769905315f,0f,0.9737857465590505f,-0.22746718400339114f,1.438917683703383f,0.028759060239068674f,-0.2273730973624355f,-0.9733829621736647f,0.12564685650613494f,0f,0f,0f,1f], start_interpolation: 0, interpolation_duration: 1 }
$data merge entity $(bone_body) { transformation: [-0.9995863726833043f,-0.00032525037463300026f,-0.028757220971926022f,0f,0f,0.9999360456451858f,-0.011309492449657774f,1.5f,0.028759060239068674f,-0.011304814534642632f,-0.9995224447817582f,0f,0f,0f,0f,1f], start_interpolation: 0, interpolation_duration: 1 }
$data merge entity $(bone_left_arm) { transformation: [-0.9966850238944872f,0f,-0.0813570104197872f,0.3125f,0f,1f,0f,1.3307f,0.0813570104197872f,0f,-0.9966850238944872f,-0.018749999999999958f,0f,0f,0f,1f], start_interpolation: 0, interpolation_duration: 1 }
$data merge entity $(bone_right_arm) { transformation: [-0.9935911247647231f,0f,0.11303396298799923f,-0.3125f,0f,1f,0f,1.3251763768775604f,-0.11303396298799923f,0f,-0.9935911247647231f,0.012499999999999968f,0f,0f,0f,1f], start_interpolation: 0, interpolation_duration: 1 }
$data merge entity $(bone_left_leg) { transformation: [-0.987024406397454f,0f,-0.16057029979343432f,0.11874999850988388f,0f,1f,0f,0.75f,0.16057029979343432f,0f,-0.987024406397454f,-0.006249999999999987f,0f,0f,0f,1f], start_interpolation: 0, interpolation_duration: 1 }
$data merge entity $(bone_right_leg) { transformation: [-0.9974110604270325f,0.001410307808278994f,0.07189706231626139f,-0.11874999850988388f,0f,0.9998076685848505f,-0.019611880045667947f,0.75f,-0.07191089304008444f,-0.019561106073317423f,-0.9972192269462948f,0.012499999999999989f,0f,0f,0f,1f], start_interpolation: 0, interpolation_duration: 1 }