# This file was generated by Animated Java via MC-Build. It is not recommended to edit this file directly.
$data merge entity $(bone_left_ear) { transformation: [-0.9713671225532482f,0.12715595792319243f,0.2006919918363919f,0.056264440034332695f,0.13052535053540923f,0.9914384681442266f,0.0035912047334726266f,1.7510084142321618f,-0.198517117877103f,0.029683770792547446f,-0.9796478079704481f,-0.2746464113588206f,0f,0f,0f,1f], start_interpolation: 0, interpolation_duration: 1 }
$data merge entity $(bone_right_ear) { transformation: [-0.9711789740910578f,-0.12858508737867727f,0.2006919918363919f,0.056264440034332695f,-0.13052535053540923f,0.9914384681442266f,0.0035912047334726266f,1.7510084142321618f,-0.19943553632953429f,-0.02270769005528964f,-0.9796478079704481f,-0.2746464113588206f,0f,0f,0f,1f], start_interpolation: 0, interpolation_duration: 1 }
$data merge entity $(bone_left_cheek) { transformation: [-0.9796541251686897f,-0.0007207306786100926f,0.2006919918363919f,0.23228019046757165f,0f,0.9999935516034902f,0.0035912047334726266f,1.6247747436545943f,-0.20069328598627675f,0.0035181385314717833f,-0.9796478079704481f,0.11184107681115617f,0f,0f,0f,1f], start_interpolation: 0, interpolation_duration: 1 }
$data merge entity $(bone_right_cheek) { transformation: [-0.9796541251686897f,-0.0007207306786100926f,0.2006919918363919f,-0.2575468721167732f,0f,0.9999935516034902f,0.0035912047334726266f,1.6247747436545943f,-0.20069328598627675f,0.0035181385314717833f,-0.9796478079704481f,0.01149443381801779f,0f,0f,0f,1f], start_interpolation: 0, interpolation_duration: 1 }
$data merge entity $(bone_floof) { transformation: [-0.9934177050687636f,0.019180890926436298f,0.11293076055344434f,-0.02822231135199261f,-0.0003129941159047117f,0.9854226357292256f,-0.17012386965722745f,1.4994949868343554f,-0.11454765510735972f,-0.16903941083585824f,-0.9789302898029417f,0.13776297299584428f,0f,0f,0f,1f], start_interpolation: 0, interpolation_duration: 1 }
$data merge entity $(bone_eyes_default) { transformation: [-0.000009796541251686898f,-7.207306786100927e-9f,0.000002006919918363919f,0f,0f,0.000009999935516034904f,3.591204733472627e-8f,1.5f,-0.0000020069328598627675f,3.5181385314717834e-8f,-0.000009796478079704482f,0f,0f,0f,0f,1f], start_interpolation: 0, interpolation_duration: 1 }
$data merge entity $(bone_eyes_closed) { transformation: [-0.9796541251686897f,-0.0007207306786100926f,0.2006919918363919f,0.05017299795909797f,0f,0.9999935516034902f,0.0035912047334726266f,1.5008978011833682f,-0.20069328598627675f,0.0035181385314717833f,-0.9796478079704481f,-0.24491195199261204f,0f,0f,0f,1f], start_interpolation: 0, interpolation_duration: 1 }
$data merge entity $(bone_head) { transformation: [-0.9796541251686897f,-0.0007207306786100926f,0.2006919918363919f,0f,0f,0.9999935516034902f,0.0035912047334726266f,1.5f,-0.20069328598627675f,0.0035181385314717833f,-0.9796478079704481f,0f,0f,0f,0f,1f], start_interpolation: 0, interpolation_duration: 1 }
$data merge entity $(bone_breast) { transformation: [-0.9995683138648479f,-0.006700763693162534f,-0.028605693197568303f,0.0036941495724512473f,-2.710505431213761e-20f,0.9736442496508119f,-0.22807208317088573f,1.4389957831459146f,0.029380025823423143f,-0.22797362761476558f,-0.973223940927667f,0.1256824919587294f,0f,0f,0f,1f], start_interpolation: 0, interpolation_duration: 1 }
$data merge entity $(bone_body) { transformation: [-0.9995683138648479f,-0.00035052364617530076f,-0.02937793475652233f,0f,-2.710505431213761e-20f,0.9999288269209367f,-0.01193067862778551f,1.5f,0.029380025823423143f,-0.011925528319238937f,-0.9994971715102159f,0f,0f,0f,0f,1f], start_interpolation: 0, interpolation_duration: 1 }
$data merge entity $(bone_left_arm) { transformation: [-0.9967661765917164f,0f,-0.08035663757731061f,0.3125f,0f,1f,0f,1.330859375f,0.08035663757731061f,0f,-0.9967661765917164f,-0.018749999999999958f,0f,0f,0f,1f], start_interpolation: 0, interpolation_duration: 1 }
$data merge entity $(bone_right_arm) { transformation: [-0.9935718556765875f,0f,0.11320321376790682f,-0.3125f,0f,1f,0f,1.3250451610150205f,-0.11320321376790682f,0f,-0.9935718556765875f,0.012499999999999968f,0f,0f,0f,1f], start_interpolation: 0, interpolation_duration: 1 }
$data merge entity $(bone_left_leg) { transformation: [-0.9873879149797652f,0f,-0.1583196303428982f,0.11874999850988388f,0f,1f,0f,0.75f,0.1583196303428982f,0f,-0.9873879149797652f,-0.006249999999999987f,0f,0f,0f,1f], start_interpolation: 0, interpolation_duration: 1 }
$data merge entity $(bone_right_leg) { transformation: [-0.9974094913373519f,0.0014123035899560748f,0.07191878745317325f,-0.11874999850988388f,-1.0842021724855044e-19f,0.9998072404820648f,-0.0196336924606283f,0.75f,-0.07193265315671953f,-0.019582831210229273f,-0.9972172311646178f,0.012499999999999989f,0f,0f,0f,1f], start_interpolation: 0, interpolation_duration: 1 }