# This file was generated by Animated Java via MC-Build. It is not recommended to edit this file directly.
$data merge entity $(bone_left_ear) { transformation: [-0.9714766874240265f,0.12702467008727988f,0.20024429824806045f,0.05610240977869945f,0.13052497387389816f,0.991435607116005f,0.004320664038872285f,1.751212853232825f,-0.19798049648098848f,0.030334306185180925f,-0.9797364711397678f,-0.27449259459527503f,0f,0f,0f,1f], start_interpolation: 0, interpolation_duration: 1 }
$data merge entity $(bone_right_ear) { transformation: [-0.9712508258370721f,-0.12874025916529439f,0.20024429824806045f,0.05610240977869945f,-0.13052497387389816f,0.991435607116005f,0.004320664038872285f,1.751212853232825f,-0.19908557081321476f,-0.02194043328130592f,-0.9797364711397678f,-0.27449259459527503f,0f,0f,0f,1f], start_interpolation: 0, interpolation_duration: 1 }
$data merge entity $(bone_left_cheek) { transformation: [-0.9797456161955034f,-0.0008651964142702171f,0.20024429824806045f,0.23231298585658827f,0f,0.9999906658875688f,0.004320664038872285f,1.6247287917335167f,-0.2002461673683006f,0.0042331516511386795f,-0.9797364711397678f,0.11182421524470297f,0f,0f,0f,1f], start_interpolation: 0, interpolation_duration: 1 }
$data merge entity $(bone_right_cheek) { transformation: [-0.9797456161955034f,-0.0008651964142702171f,0.20024429824806045f,-0.2575598222411634f,0f,0.9999906658875688f,0.004320664038872285f,1.6247287917335167f,-0.2002461673683006f,0.0042331516511386795f,-0.9797364711397678f,0.011701131560552677f,0f,0f,0f,1f], start_interpolation: 0, interpolation_duration: 1 }
$data merge entity $(bone_floof) { transformation: [-0.993469828877384f,0.018959789937710303f,0.11250877955012827f,-0.028159354441133502f,-0.0003765706834710097f,0.9855459811180287f,-0.1694077250205038f,1.4993924066195337f,-0.11409451040633735f,-0.16834383109463855f,-0.9791030575110661f,0.13777544125402985f,0f,0f,0f,1f], start_interpolation: 0, interpolation_duration: 1 }
$data merge entity $(bone_eyes_default) { transformation: [-0.000009797456161955034f,-8.651964142702172e-9f,0.0000020024429824806047f,0f,0f,0.000009999906658875688f,4.320664038872285e-8f,1.5f,-0.000002002461673683006f,4.23315165113868e-8f,-0.000009797364711397679f,0f,0f,0f,0f,1f], start_interpolation: -1, interpolation_duration: 0 }
$data merge entity $(bone_eyes_closed) { transformation: [-0.9797456161955034f,-0.0008651964142702171f,0.20024429824806045f,0.05006107456201511f,0f,0.9999906658875688f,0.004320664038872285f,1.5010801660097182f,-0.2002461673683006f,0.0042331516511386795f,-0.9797364711397678f,-0.24493411778494195f,0f,0f,0f,1f], start_interpolation: -1, interpolation_duration: 0 }
$data merge entity $(bone_head) { transformation: [-0.9797456161955034f,-0.0008651964142702171f,0.20024429824806045f,0f,0f,0.9999906658875688f,0.004320664038872285f,1.5f,-0.2002461673683006f,0.0042331516511386795f,-0.9797364711397678f,0f,0f,0f,0f,1f], start_interpolation: 0, interpolation_duration: 1 }
$data merge entity $(bone_breast) { transformation: [-0.9995503600446954f,-0.006856313292337497f,-0.029190215870340697f,0.0037712756402222183f,0f,0.9735061185761374f,-0.22866096539379757f,1.4390718481568159f,0.029984624968803157f,-0.228558150287538f,-0.9730683913284921f,0.12571709427527886f,0f,0f,0f,1f], start_interpolation: 0, interpolation_duration: 1 }
$data merge entity $(bone_body) { transformation: [-0.9995503600446954f,-0.0003758722371259988f,-0.029982269003214747f,0f,0f,0.9999214275452548f,-0.012535499027153644f,1.5f,0.029984624968803157f,-0.012529862565931355f,-0.9994718229192653f,0f,0f,0f,0f,1f], start_interpolation: 0, interpolation_duration: 1 }
$data merge entity $(bone_left_arm) { transformation: [-0.9968308312612113f,0f,-0.07955057414678134f,0.3125f,0f,1f,0f,1.3309944444444444f,0.07955057414678134f,0f,-0.9968308312612113f,-0.018749999999999958f,0f,0f,0f,1f], start_interpolation: 0, interpolation_duration: 1 }
$data merge entity $(bone_right_arm) { transformation: [-0.993583683275492f,0f,0.11309935600482855f,-0.3125f,0f,1f,0f,1.325f,-0.11309935600482855f,0f,-0.993583683275492f,0.012499999999999963f,0f,0f,0f,1f], start_interpolation: 0, interpolation_duration: 1 }
$data merge entity $(bone_left_leg) { transformation: [-0.9877973117517589f,0f,-0.15574489043303602f,0.11874999850988388f,0f,1f,0f,0.75f,0.15574489043303602f,0f,-0.9877973117517589f,-0.006249999999999987f,0f,0f,0f,1f], start_interpolation: 0, interpolation_duration: 1 }
$data merge entity $(bone_right_leg) { transformation: [-0.9974110604270325f,0.001410307808278994f,0.07189706231626139f,-0.11874999850988388f,0f,0.9998076685848505f,-0.019611880045667947f,0.75f,-0.07191089304008444f,-0.019561106073317423f,-0.9972192269462948f,0.012499999999999989f,0f,0f,0f,1f], start_interpolation: 0, interpolation_duration: 1 }