# This file was generated by Animated Java via MC-Build. It is not recommended to edit this file directly.
$data merge entity $(bone_left_ear) { transformation: [-0.9717311093127438f,0.126957476686915f,0.19904886411913048f,0.055741237111972465f,0.13052465825114687f,0.9914332097231938f,0.004848117819001858f,1.7513605950885316f,-0.19672814944040404f,0.03069185187076603f,-0.9799775739508007f,-0.2744309170300717f,0f,0f,0f,1f], start_interpolation: 0, interpolation_duration: 1 }
$data merge entity $(bone_right_ear) { transformation: [-0.9714791875784378f,-0.12887101223635403f,0.19904886411913048f,0.055741237111972465f,-0.13052465825114687f,0.9914332097231938f,0.004848117819001858f,1.7513605950885316f,-0.19796843609616124f,-0.021270939404340005f,-0.9799775739508007f,-0.2744309170300717f,0f,0f,0f,1f], start_interpolation: 0, interpolation_duration: 1 }
$data merge entity $(bone_left_cheek) { transformation: [-0.9799890909710012f,-0.0009650236861319219f,0.19904886411913048f,0.23243609077453817f,1.0842021724855044e-19f,0.9999882478077495f,0.004848117819001858f,1.624695523612281f,-0.1990512034071406f,0.004751102574363944f,-0.9799775739508007f,0.11160528704550568f,0f,0f,0f,1f], start_interpolation: 0, interpolation_duration: 1 }
$data merge entity $(bone_right_cheek) { transformation: [-0.9799890909710012f,-0.0009650236861319219f,0.19904886411913048f,-0.25755845471096245f,1.0842021724855044e-19f,0.9999882478077495f,0.004848117819001858f,1.624695523612281f,-0.1990512034071406f,0.004751102574363944f,-0.9799775739508007f,0.012079685341935383f,0f,0f,0f,1f], start_interpolation: 0, interpolation_duration: 1 }
$data merge entity $(bone_floof) { transformation: [-0.9936081882084411f,0.018650999378462773f,0.11133242361200808f,-0.02799124651675272f,-0.0004225413094432626f,0.9856348426291158f,-0.1688898411815225f,1.4993182334317028f,-0.11288308014924493f,-0.16785737165124046f,-0.9793269694021279f,0.13780934633683134f,0f,0f,0f,1f], start_interpolation: 0, interpolation_duration: 1 }
$data merge entity $(bone_eyes_default) { transformation: [-0.000009799890909710013f,-9.65023686131922e-9f,0.000001990488641191305f,0f,1.0842021724855045e-24f,0.000009999882478077496f,4.8481178190018587e-8f,1.5f,-0.0000019905120340714062f,4.751102574363944e-8f,-0.000009799775739508007f,0f,0f,0f,0f,1f], start_interpolation: 0, interpolation_duration: 1 }
$data merge entity $(bone_eyes_closed) { transformation: [-0.9799890909710012f,-0.0009650236861319219f,0.19904886411913048f,0.04976221602978262f,1.0842021724855044e-19f,0.9999882478077495f,0.004848117819001858f,1.5012120294547504f,-0.1990512034071406f,0.004751102574363944f,-0.9799775739508007f,-0.24499439348770016f,0f,0f,0f,1f], start_interpolation: 0, interpolation_duration: 1 }
$data merge entity $(bone_head) { transformation: [-0.9799890909710012f,-0.0009650236861319219f,0.19904886411913048f,0f,1.0842021724855044e-19f,0.9999882478077495f,0.004848117819001858f,1.5f,-0.1990512034071406f,0.004751102574363944f,-0.9799775739508007f,0f,0f,0f,0f,1f], start_interpolation: 0, interpolation_duration: 1 }
$data merge entity $(bone_breast) { transformation: [-0.9995326409517031f,-0.007007486441221002f,-0.02975558444880255f,0.0038459378572318903f,-2.710505431213761e-20f,0.9733721324530705f,-0.22923065188530545f,1.4391454651878226f,0.03056958737231689f,-0.22912351886599985f,-0.9729172181796085f,0.12575048451116125f,0f,0f,0f,1f], start_interpolation: 0, interpolation_duration: 1 }
$data merge entity $(bone_body) { transformation: [-0.9995326409517031f,-0.00040109382190969443f,-0.030566955946900277f,0f,-2.710505431213761e-20f,0.9999139201525828f,-0.013120681578872594f,1.5f,0.03056958737231689f,-0.013114549509616887f,-0.9994466013344815f,0f,0f,0f,0f,1f], start_interpolation: 0, interpolation_duration: 1 }
$data merge entity $(bone_left_arm) { transformation: [-0.9968781882586308f,0f,-0.0789549097535404f,0.3125f,0f,1f,0f,1.331103125f,0.0789549097535404f,0f,-0.9968781882586308f,-0.018749999999999958f,0f,0f,0f,1f], start_interpolation: 0, interpolation_duration: 1 }
$data merge entity $(bone_right_arm) { transformation: [-0.9936181997866111f,0f,0.11279571380515364f,-0.3125f,0f,1f,0f,1.325034027777778f,-0.11279571380515364f,0f,-0.9936181997866111f,0.012499999999999963f,0f,0f,0f,1f], start_interpolation: 0, interpolation_duration: 1 }
$data merge entity $(bone_left_leg) { transformation: [-0.9882400602817405f,0f,-0.15291037654241083f,0.11874999850988388f,0f,1f,0f,0.75f,0.15291037654241083f,0f,-0.9882400602817405f,-0.006249999999999987f,0f,0f,0f,1f], start_interpolation: 0, interpolation_duration: 1 }
$data merge entity $(bone_right_leg) { transformation: [-0.9974157648476766f,0.0014043261509018826f,0.07183188638332094f,-0.11874999850988388f,0f,0.9998089500379678f,-0.01954644274482103f,0.75f,-0.07184561248485835f,-0.019495930140376982f,-0.997225208603672f,0.012499999999999989f,0f,0f,0f,1f], start_interpolation: 0, interpolation_duration: 1 }