# This file was generated by Animated Java via MC-Build. It is not recommended to edit this file directly.
$data merge entity $(bone_left_ear) { transformation: [-0.9721346248617222f,0.1269690145954216f,0.1970612607227163f,0.055171916119728506f,0.13052449056407756f,0.9914319360134473f,0.005106233016210689f,1.7514328688126122f,-0.1947244938572104f,0.030685266583417924f,-0.9803778791398539f,-0.2744797527183697f,0f,0f,0f,1f], start_interpolation: 0, interpolation_duration: 1 }
$data merge entity $(bone_right_ear) { transformation: [-0.9718719398989675f,-0.12896430498161676f,0.1970612607227163f,0.055171916119728506f,-0.13052449056407756f,0.9914319360134473f,0.005106233016210689f,1.7514328688126122f,-0.1960313490235831f,-0.02075871607870657f,-0.9803778791398539f,-0.2744797527183697f,0f,0f,0f,1f], start_interpolation: 0, interpolation_duration: 1 }
$data merge entity $(bone_left_cheek) { transformation: [-0.9803906603877839f,-0.00100625383414179f,0.1970612607227163f,0.23265555457250847f,0f,0.9999869631072118f,0.005106233016210689f,1.6246792308248883f,-0.19706382982273812f,0.005006103158856703f,-0.9803778791398539f,0.11116533779678248f,0f,0f,0f,1f], start_interpolation: 0, interpolation_duration: 1 }
$data merge entity $(bone_right_cheek) { transformation: [-0.9803906603877839f,-0.00100625383414179f,0.1970612607227163f,-0.25753977562138347f,0f,0.9999869631072118f,0.005106233016210689f,1.6246792308248883f,-0.19706382982273812f,0.005006103158856703f,-0.9803778791398539f,0.012633422885413421f,0f,0f,0f,1f], start_interpolation: 0, interpolation_duration: 1 }
$data merge entity $(bone_floof) { transformation: [-0.9938349984820537f,0.01826048775074423f,0.10935515707675349f,-0.027711739789131978f,-0.0004450375311704566f,0.9856782281213635f,-0.16863639153256627f,1.4992819359820955f,-0.11086838022525791f,-0.1676454150719132f,-0.9795933937464021f,0.13786563925404194f,0f,0f,0f,1f], start_interpolation: 0, interpolation_duration: 1 }
$data merge entity $(bone_eyes_default) { transformation: [-0.9803906603877839f,-0.00100625383414179f,0.1970612607227163f,0f,0f,0.9999869631072118f,0.005106233016210689f,1.5f,-0.19706382982273812f,0.005006103158856703f,-0.9803778791398539f,0f,0f,0f,0f,1f], start_interpolation: 0, interpolation_duration: 1 }
$data merge entity $(bone_eyes_closed) { transformation: [-0.00000980390660387784f,-1.0062538341417902e-8f,0.000001970612607227163f,0.04926531518067907f,0f,0.000009999869631072118f,5.1062330162106896e-8f,1.5012765582540526f,-0.0000019706382982273814f,5.006103158856704e-8f,-0.00000980377879139854f,-0.24509446978496346f,0f,0f,0f,1f], start_interpolation: 0, interpolation_duration: 1 }
$data merge entity $(bone_head) { transformation: [-0.9803906603877839f,-0.00100625383414179f,0.1970612607227163f,0f,0f,0.9999869631072118f,0.005106233016210689f,1.5f,-0.19706382982273812f,0.005006103158856703f,-0.9803778791398539f,0f,0f,0f,0f,1f], start_interpolation: 0, interpolation_duration: 1 }
$data merge entity $(bone_breast) { transformation: [-0.9995152929324912f,-0.007153365581852689f,-0.030298655992116688f,0.003917714371965711f,2.710505431213761e-20f,0.9732430768367236f,-0.22977796541310752f,1.4392162202924166f,0.031131642971039344f,-0.22966659040931398f,-0.972771339038977f,0.1257824854205055f,0f,0f,0f,1f], start_interpolation: 0, interpolation_duration: 1 }
$data merge entity $(bone_body) { transformation: [-0.9995152929324912f,-0.000425972849254816f,-0.031128728551098276f,0f,2.710505431213761e-20f,0.9999063839983076f,-0.013682954338487157f,1.5f,0.031131642971039344f,-0.013676322113814891f,-0.9994217223071364f,0f,0f,0f,0f,1f], start_interpolation: 0, interpolation_duration: 1 }
$data merge entity $(bone_left_arm) { transformation: [-0.9969073595954655f,0f,-0.07858572634007568f,0.3125f,0f,1f,0f,1.3311833333333334f,0.07858572634007568f,0f,-0.9969073595954655f,-0.018749999999999958f,0f,0f,0f,1f], start_interpolation: 0, interpolation_duration: 1 }
$data merge entity $(bone_right_arm) { transformation: [-0.9936738762387104f,0f,0.11230417481436747f,-0.3125f,0f,1f,0f,1.3251333333333333f,-0.11230417481436747f,0f,-0.9936738762387104f,0.012499999999999963f,0f,0f,0f,1f], start_interpolation: 0, interpolation_duration: 1 }
$data merge entity $(bone_left_leg) { transformation: [-0.9887041231277591f,0f,-0.14988047541347382f,0.11874999850988388f,0f,1f,0f,0.75f,0.14988047541347382f,0f,-0.9887041231277591f,-0.006249999999999987f,0f,0f,0f,1f], start_interpolation: 0, interpolation_duration: 1 }
$data merge entity $(bone_right_leg) { transformation: [-0.9974235960540456f,0.0013943756810147882f,0.07172325809021896f,-0.11874999850988388f,0f,0.9998110762756847f,-0.01943738039081292f,0.75f,-0.07173681087570011f,-0.019387301847275017f,-0.9972351590735591f,0.012499999999999989f,0f,0f,0f,1f], start_interpolation: 0, interpolation_duration: 1 }