# This file was generated by Animated Java via MC-Build. It is not recommended to edit this file directly.
$data merge entity $(bone_left_ear) { transformation: [-0.9726894940062065f,0.1270720034193907f,0.19423659335185117f,0.05438489911759598f,0.13052454251985465f,0.9914323306567548f,0.005027676252282631f,1.7514108742349248f,-0.1919335615517325f,0.03024301035772523f,-0.9809418271613103f,-0.27465690882335325f,0f,0f,0f,1f], start_interpolation: 0, interpolation_duration: 1 }
$data merge entity $(bone_right_ear) { transformation: [-0.9724345578049116f,-0.12900843611885818f,0.19423659335185117f,0.05438489911759598f,-0.13052454251985465f,0.9914323306567548f,0.005027676252282631f,1.7514108742349248f,-0.19322105109627305f,-0.020463556354690698f,-0.9809418271613103f,-0.27465690882335325f,0f,0f,0f,1f], start_interpolation: 0, interpolation_duration: 1 }
$data merge entity $(bone_left_cheek) { transformation: [-0.9809542252888517f,-0.0009765710504486584f,0.19423659335185117f,0.23297669785641614f,1.0842021724855044e-19f,0.9999873611558809f,0.005027676252282631f,1.6246841903787175f,-0.1942390483089046f,0.004931920263061065f,-0.9809418271613103f,0.11048511630769067f,0f,0f,0f,1f], start_interpolation: 0, interpolation_duration: 1 }
$data merge entity $(bone_right_cheek) { transformation: [-0.9809542252888517f,-0.0009765710504486584f,0.19423659335185117f,-0.25750041478800967f,1.0842021724855044e-19f,0.9999873611558809f,0.005027676252282631f,1.6246841903787175f,-0.1942390483089046f,0.004931920263061065f,-0.9809418271613103f,0.013365592153238376f,0f,0f,0f,1f], start_interpolation: 0, interpolation_duration: 1 }
$data merge entity $(bone_floof) { transformation: [-0.9941502328658052f,0.017792558502193568f,0.10653046209799118f,-0.027314520940104073f,-0.0004381908580624541f,0.9856650307929119f,-0.16871352957240834f,1.4992929830270227f,-0.10800519654922827f,-0.1677732753866182f,-0.9798913233539771f,0.13794494444455926f,0f,0f,0f,1f], start_interpolation: 0, interpolation_duration: 1 }
$data merge entity $(bone_eyes_default) { transformation: [-0.9809542252888517f,-0.0009765710504486584f,0.19423659335185117f,0f,1.0842021724855044e-19f,0.9999873611558809f,0.005027676252282631f,1.5f,-0.1942390483089046f,0.004931920263061065f,-0.9809418271613103f,0f,0f,0f,0f,1f], start_interpolation: -1, interpolation_duration: 0 }
$data merge entity $(bone_eyes_closed) { transformation: [-0.000009809542252888518f,-9.765710504486585e-9f,0.000001942365933518512f,0.04855914833796279f,1.0842021724855045e-24f,0.00000999987361155881f,5.0276762522826307e-8f,1.5012569190630707f,-0.000001942390483089046f,4.931920263061066e-8f,-0.000009809418271613104f,-0.24523545679032757f,0f,0f,0f,1f], start_interpolation: -1, interpolation_duration: 0 }
$data merge entity $(bone_head) { transformation: [-0.9809542252888517f,-0.0009765710504486584f,0.19423659335185117f,0f,1.0842021724855044e-19f,0.9999873611558809f,0.005027676252282631f,1.5f,-0.1942390483089046f,0.004931920263061065f,-0.9809418271613103f,0f,0f,0f,0f,1f], start_interpolation: 0, interpolation_duration: 1 }
$data merge entity $(bone_breast) { transformation: [-0.9994984582554055f,-0.007293021754469394f,-0.030816290801397302f,0.003986182680495591f,0f,0.9731197430399837f,-0.23029973014703217f,1.4392836991691167f,0.031667521928111904f,-0.2301842252185946f,-0.9726316828663603f,0.12581292128017454f,0f,0f,0f,1f], start_interpolation: 0, interpolation_duration: 1 }
$data merge entity $(bone_body) { transformation: [-0.9994984582554055f,-0.0004502819346685381f,-0.03166432047663046f,0f,0f,0.9998989042625847f,-0.014219045484225708f,1.5f,0.031667521928111904f,-0.01421191403934708f,-0.9993974132217227f,0f,0f,0f,0f,1f], start_interpolation: 0, interpolation_duration: 1 }
$data merge entity $(bone_left_arm) { transformation: [-0.996917333733128f,0f,-0.07845909572784482f,0.3125f,0f,1f,0f,1.3312329861111112f,0.07845909572784482f,0f,-0.996917333733128f,-0.018749999999999958f,0f,0f,0f,1f], start_interpolation: 0, interpolation_duration: 1 }
$data merge entity $(bone_right_arm) { transformation: [-0.9937490959811203f,0f,0.11163661691714871f,-0.3125f,0f,1f,0f,1.32529375f,-0.11163661691714871f,0f,-0.9937490959811203f,0.012499999999999963f,0f,0f,0f,1f], start_interpolation: 0, interpolation_duration: 1 }
$data merge entity $(bone_left_leg) { transformation: [-0.9891781104871119f,0f,-0.14671968420476814f,0.11874999850988388f,0f,1f,0f,0.75f,0.14671968420476814f,0f,-0.9891781104871119f,-0.006249999999999987f,0f,0f,0f,1f], start_interpolation: 0, interpolation_duration: 1 }
$data merge entity $(bone_right_leg) { transformation: [-0.997434539803927f,0.0013804848380251282f,0.07157117483833982f,-0.11874999850988388f,1.0842021724855044e-19f,0.9998140330217412f,-0.019284692706928952f,0.75f,-0.07158448718911258f,-0.019235218595395828f,-0.9972490499165487f,0.012499999999999989f,0f,0f,0f,1f], start_interpolation: 0, interpolation_duration: 1 }