# This file was generated by Animated Java via MC-Build. It is not recommended to edit this file directly.
$data merge entity $(bone_left_ear) { transformation: [-0.9914127311589157f,0.13070614675946804f,-0.004086526068892126f,-0.001103683247378224f,0.13039606956810484f,0.9904564817051273f,0.04464104489694032f,1.762306066787794f,0.009882385198386662f,0.043724833305492254f,-0.9989947334271576f,-0.2698071009250996f,0f,0f,0f,1f], start_interpolation: 0, interpolation_duration: 1 }
$data merge entity $(bone_right_ear) { transformation: [-0.9914604016314931f,-0.1303440535713333f,-0.004086526068892126f,-0.001103683247378224f,-0.13039606956810484f,0.9904564817051273f,0.04464104489694032f,1.762306066787794f,-0.0017711685149359039f,0.044792695240341095f,-0.9989947334271576f,-0.2698071009250996f,0f,0f,0f,1f], start_interpolation: 0, interpolation_duration: 1 }
$data merge entity $(bone_left_cheek) { transformation: [-0.9999916334443506f,0.00018260883799074657f,-0.004086526068892126f,0.2502761423451423f,-1.3552527156068805e-20f,0.9990030916421176f,0.04464104489694032f,1.622085321149206f,0.004090604026234667f,0.044640671405153945f,-0.9989947334271576f,0.06699460375828292f,0f,0f,0f,1f], start_interpolation: 0, interpolation_duration: 1 }
$data merge entity $(bone_right_cheek) { transformation: [-0.9999916334443506f,0.00018260883799074657f,-0.004086526068892126f,-0.24971967437703305f,-1.3552527156068805e-20f,0.9990030916421176f,0.04464104489694032f,1.622085321149206f,0.004090604026234667f,0.044640671405153945f,-0.9989947334271576f,0.06903990577140026f,0f,0f,0f,1f], start_interpolation: 0, interpolation_duration: 1 }
$data merge entity $(bone_floof) { transformation: [-0.9999916334443506f,-0.0005297832054296848f,-0.004056152247474435f,0.0005746677284379553f,-1.3552527156068805e-20f,0.9915778260278242f,-0.12951221923021022f,1.4937223530613677f,0.004090604026234667f,-0.12951113565902078f,-0.9915695299367621f,0.14048363438819403f,0f,0f,0f,1f], start_interpolation: 0, interpolation_duration: 1 }
$data merge entity $(bone_eyes_default) { transformation: [-0.9999916334443506f,0.00018260883799074657f,-0.004086526068892126f,0f,-1.3552527156068805e-20f,0.9990030916421176f,0.04464104489694032f,1.5f,0.004090604026234667f,0.044640671405153945f,-0.9989947334271576f,0f,0f,0f,0f,1f], start_interpolation: 0, interpolation_duration: 1 }
$data merge entity $(bone_eyes_closed) { transformation: [-0.000009999916334443506f,1.8260883799074659e-9f,-4.086526068892127e-8f,-0.0010216315172230316f,-1.3552527156068807e-25f,0.000009990030916421178f,4.4641044896940324e-7f,1.511160261224235f,4.090604026234667e-8f,4.464067140515395e-7f,-0.000009989947334271577f,-0.2497486833567894f,0f,0f,0f,1f], start_interpolation: 0, interpolation_duration: 1 }
$data merge entity $(bone_head) { transformation: [-0.9999916334443506f,0.00018260883799074657f,-0.004086526068892126f,0f,-1.3552527156068805e-20f,0.9990030916421176f,0.04464104489694032f,1.5f,0.004090604026234667f,0.044640671405153945f,-0.9989947334271576f,0f,0f,0f,0f,1f], start_interpolation: 0, interpolation_duration: 1 }
$data merge entity $(bone_breast) { transformation: [-0.999842772868843f,-0.003842785800323801f,-0.01731076368147699f,0.0022168301562414997f,-4.235164736271502e-22f,0.9762354095132774f,-0.21671277122597923f,1.4375349772079753f,0.01773216123159027f,-0.2166786980986743f,-0.9760819188205058f,0.12499782634770183f,0f,0f,0f,1f], start_interpolation: 0, interpolation_duration: 1 }
$data merge entity $(bone_body) { transformation: [-0.999842772868843f,-0.000004961424880691863f,-0.017732160537491652f,0f,-4.235164736271502e-22f,0.9999999608565131f,-0.00027979809205958293f,1.5f,0.01773216123159027f,-0.00027975410020826525f,-0.9998427337315106f,0f,0f,0f,0f,1f], start_interpolation: 0, interpolation_duration: 1 }
$data merge entity $(bone_left_arm) { transformation: [-0.9929213529971068f,0f,-0.11877367874405005f,0.3125f,0f,1f,0f,1.325428125f,0.11877367874405005f,0f,-0.9929213529971068f,-0.018749999999999965f,0f,0f,0f,1f], start_interpolation: 0, interpolation_duration: 1 }
$data merge entity $(bone_right_arm) { transformation: [-0.9972946022325998f,0f,0.07350834209612278f,-0.3125f,0f,1f,0f,1.3364748093991807f,-0.07350834209612278f,0f,-0.9972946022325998f,0.012499999999999964f,0f,0f,0f,1f], start_interpolation: 0, interpolation_duration: 1 }
$data merge entity $(bone_left_leg) { transformation: [-0.9922196236932184f,0f,-0.12449987292398369f,0.11874999850988388f,0f,1f,0f,0.75f,0.12449987292398369f,0f,-0.9922196236932184f,-0.006249999999999987f,0f,0f,0f,1f], start_interpolation: 0, interpolation_duration: 1 }
$data merge entity $(bone_right_leg) { transformation: [-0.9984871787190959f,0.00014586965032266523f,0.05498484023460787f,-0.11874999850988388f,0f,0.9999964810616304f,-0.002652897351232907f,0.75f,-0.05498503372355279f,-0.0026488839916639076f,-0.9984836651042512f,0.012499999999999989f,0f,0f,0f,1f], start_interpolation: 0, interpolation_duration: 1 }