# This file was generated by Animated Java via MC-Build. It is not recommended to edit this file directly.
$data merge entity $(bone_left_ear) { transformation: [-0.9733957224734001f,0.13037687241728227f,0.18842143882577436f,0.05336989928574053f,0.13052484400487416f,0.9913762710647368f,-0.011677082995371575f,1.7512757306525377f,-0.1883189649716422f,0.013227256271246574f,-0.982018842550154f,-0.27497949657249565f,0f,0f,0f,1f], start_interpolation: 0, interpolation_duration: 1 }
$data merge entity $(bone_right_ear) { transformation: [-0.9731696546173375f,-0.12585901633003052f,0.19261446295750775f,0.05336989928574053f,-0.13052484400487416f,0.9913762710647368f,-0.011677082995371575f,1.7512757306525377f,-0.18948374186054934f,-0.03650475555615505f,-0.9812050317809781f,-0.27497949657249565f,0f,0f,0f,1f], start_interpolation: 0, interpolation_duration: 1 }
$data merge entity $(bone_left_cheek) { transformation: [-0.9816811064981719f,-0.0008659865587802115f,0.19052940773488206f,0.23340394032126532f,-5.421010862427522e-20f,0.9999896709223299f,0.004545112611396847f,1.6247146393270788f,-0.19053137574826076f,0.004461851177514853f,-0.9816709666377756f,0.10954501074911552f,0f,0f,0f,1f], start_interpolation: 0, interpolation_duration: 1 }
$data merge entity $(bone_right_cheek) { transformation: [-0.9816811064981719f,-0.0008659865587802115f,0.19052940773488206f,-0.2574366129278206f,-5.421010862427522e-20f,0.9999896709223299f,0.004545112611396847f,1.6247146393270788f,-0.19053137574826076f,0.004461851177514853f,-0.9816709666377756f,0.014279322874985144f,0f,0f,0f,1f], start_interpolation: 0, interpolation_duration: 1 }
$data merge entity $(bone_floof) { transformation: [-0.994551245556722f,0.017249165651205163f,0.10281189739475668f,-0.02679319796271779f,-0.0003961326655180396f,0.9855838280421787f,-0.16918735467119403f,1.4993608435390222f,-0.10424808410941666f,-0.1683062214716449f,-0.9802067908219436f,0.1380474796834372f,0f,0f,0f,1f], start_interpolation: 0, interpolation_duration: 1 }
$data merge entity $(bone_eyes_default) { transformation: [-0.9816811064981719f,-0.0008659865587802115f,0.19052940773488206f,0f,-5.421010862427522e-20f,0.9999896709223299f,0.004545112611396847f,1.5f,-0.19053137574826076f,0.004461851177514853f,-0.9816709666377756f,0f,0f,0f,0f,1f], start_interpolation: 0, interpolation_duration: 1 }
$data merge entity $(bone_eyes_closed) { transformation: [-0.000009816811064981719f,-8.659865587802115e-9f,0.0000019052940773488207f,0.047632351933720514f,-5.421010862427523e-25f,0.0000099998967092233f,4.545112611396847e-8f,1.5011362781528492f,-0.0000019053137574826079f,4.4618511775148534e-8f,-0.000009816709666377757f,-0.2454177416594439f,0f,0f,0f,1f], start_interpolation: 0, interpolation_duration: 1 }
$data merge entity $(bone_head) { transformation: [-0.9816811064981719f,-0.0008659865587802115f,0.19052940773488206f,0f,-5.421010862427522e-20f,0.9999896709223299f,0.004545112611396847f,1.5f,-0.19053137574826076f,0.004461851177514853f,-0.9816709666377756f,0f,0f,0f,0f,1f], start_interpolation: 0, interpolation_duration: 1 }
$data merge entity $(bone_breast) { transformation: [-0.9994822843075053f,-0.007425516154641094f,-0.03130535202307004f,0.004050919720583045f,-2.710505431213761e-20f,0.9730029273505211f,-0.23079277147977675f,1.4393474872109882f,0.032173954613183176f,-0.23067328644026733f,-0.9724991884661884f,0.12584161768586788f,0f,0f,0f,1f], start_interpolation: 0, interpolation_duration: 1 }
$data merge entity $(bone_body) { transformation: [-0.9994822843075053f,-0.0004737834665109756f,-0.03217046603140887f,0f,-2.710505431213761e-20f,0.999891571247108f,-0.014725683311458525f,1.5f,0.032173954613183176f,-0.014718059594125477f,-0.9993739116898802f,0f,0f,0f,0f,1f], start_interpolation: 0, interpolation_duration: 1 }
$data merge entity $(bone_left_arm) { transformation: [-0.9969066418880763f,0f,-0.07859483036077397f,0.3125f,0f,1f,0f,1.33125f,0.07859483036077397f,0f,-0.9969066418880763f,-0.01874999999999996f,0f,0f,0f,1f], start_interpolation: 0, interpolation_duration: 1 }
$data merge entity $(bone_right_arm) { transformation: [-0.9938421764628703f,0f,0.11080491091799607f,-0.3125f,0f,1f,0f,1.325511111111111f,-0.11080491091799607f,0f,-0.9938421764628703f,0.012499999999999963f,0f,0f,0f,1f], start_interpolation: 0, interpolation_duration: 1 }
$data merge entity $(bone_left_leg) { transformation: [-0.9896513868196702f,0f,-0.1434926219911792f,0.11874999850988388f,0f,1f,0f,0.75f,0.1434926219911792f,0f,-0.9896513868196702f,-0.006249999999999987f,0f,0f,0f,1f], start_interpolation: 0, interpolation_duration: 1 }
$data merge entity $(bone_right_leg) { transformation: [-0.9974485761579105f,0.0013626934386883904f,0.07137563300699429f,-0.11874999850988388f,0f,0.999817800289289f,-0.019088379310129047f,0.75f,-0.07138863999654971f,-0.01903967676405034f,-0.9972668413158855f,0.012499999999999989f,0f,0f,0f,1f], start_interpolation: 0, interpolation_duration: 1 }