# This file was generated by Animated Java via MC-Build. It is not recommended to edit this file directly.
$data merge entity $(bone_left_ear) { transformation: [-0.9742507702781444f,0.1336031557264205f,0.1816194741551248f,0.052115679980517464f,0.13052535053540926f,0.9910251404970738f,-0.02884967539442244f,1.7510084142321618f,-0.1838438725659649f,-0.00440087294713613f,-0.9829456052281085f,-0.27546378053171305f,0f,0f,0f,1f], start_interpolation: 0, interpolation_duration: 1 }
$data merge entity $(bone_right_ear) { transformation: [-0.974076495282457f,-0.12276166043846841f,0.1900119892655081f,0.052115679980517464f,-0.13052535053540926f,0.9910251404970738f,-0.02884967539442244f,1.7510084142321618f,-0.1847650243034485f,-0.05290317220304641f,-0.9813578043532343f,-0.27546378053171305f,0f,0f,0f,1f], start_interpolation: 0, interpolation_duration: 1 }
$data merge entity $(bone_left_cheek) { transformation: [-0.9825696523661803f,-0.0006675863009685107f,0.18589360553158965f,0.23394061445819966f,0f,0.9999935516034902f,0.003591204733472623f,1.6247747436545943f,-0.18589480425499658f,0.003528608786543977f,-0.9825633163674634f,0.1083249844350336f,0f,0f,0f,1f], start_interpolation: 0, interpolation_duration: 1 }
$data merge entity $(bone_right_cheek) { transformation: [-0.9825696523661803f,-0.0006675863009685107f,0.18589360553158965f,-0.25734421172489047f,0f,0.9999935516034902f,0.003591204733472623f,1.6247747436545943f,-0.18589480425499658f,0.003528608786543977f,-0.9825633163674634f,0.015377582307535317f,0f,0f,0f,1f], start_interpolation: 0, interpolation_duration: 1 }
$data merge entity $(bone_floof) { transformation: [-0.9950323734551842f,0.01662916878091323f,0.09815317886751608f,-0.026141288277879794f,-0.00031299411590471137f,0.9854226357292256f,-0.17012386965722745f,1.4994949868343554f,-0.09955138276702194f,-0.16930947917385433f,-0.980522219254134f,0.13817296636417453f,0f,0f,0f,1f], start_interpolation: 0, interpolation_duration: 1 }
$data merge entity $(bone_eyes_default) { transformation: [-0.9825696523661803f,-0.0006675863009685107f,0.18589360553158965f,0f,0f,0.9999935516034902f,0.003591204733472623f,1.5f,-0.18589480425499658f,0.003528608786543977f,-0.9825633163674634f,0f,0f,0f,0f,1f], start_interpolation: 0, interpolation_duration: 1 }
$data merge entity $(bone_eyes_closed) { transformation: [-0.000009825696523661805f,-6.675863009685108e-9f,0.0000018589360553158966f,0.04647340138289741f,0f,0.000009999935516034904f,3.5912047334726234e-8f,1.5008978011833682f,-0.0000018589480425499659f,3.5286087865439774e-8f,-0.000009825633163674634f,-0.24564082909186585f,0f,0f,0f,1f], start_interpolation: 0, interpolation_duration: 1 }
$data merge entity $(bone_head) { transformation: [-0.9825696523661803f,-0.0006675863009685107f,0.18589360553158965f,0f,0f,0.9999935516034902f,0.003591204733472623f,1.5f,-0.18589480425499658f,0.003528608786543977f,-0.9825633163674634f,0f,0f,0f,0f,1f], start_interpolation: 0, interpolation_duration: 1 }
$data merge entity $(bone_breast) { transformation: [-0.9994669226845887f,-0.007549901894600453f,-0.03176270518674756f,0.004111501976660653f,0f,0.9728934301441516f,-0.2312539158205688f,1.4394071695613424f,0.032647671576979745f,-0.23113063960394484f,-0.9723748027262291f,0.1258684013202996f,0f,0f,0f,1f], start_interpolation: 0, interpolation_duration: 1 }
$data merge entity $(bone_body) { transformation: [-0.9994669226845887f,-0.0004962314255962237f,-0.03264390010048711f,0f,0f,0.9998844794648295f,-0.015199596223153694f,1.5f,0.032647671576979745f,-0.01519149366320372f,-0.999351463730795f,0f,0f,0f,0f,1f], start_interpolation: 0, interpolation_duration: 1 }
$data merge entity $(bone_left_arm) { transformation: [-0.9968753975752237f,0f,-0.07899013678453617f,0.3125f,0f,1f,0f,1.33123049722121f,0.07899013678453617f,0f,-0.9968753975752237f,-0.01874999999999996f,0f,0f,0f,1f], start_interpolation: 0, interpolation_duration: 1 }
$data merge entity $(bone_right_arm) { transformation: [-0.9939513895839213f,0f,0.10982092307111571f,-0.3125f,0f,1f,0f,1.32578125f,-0.10982092307111571f,0f,-0.9939513895839213f,0.012499999999999963f,0f,0f,0f,1f], start_interpolation: 0, interpolation_duration: 1 }
$data merge entity $(bone_left_leg) { transformation: [-0.9901141353189408f,0f,-0.14026403331441095f,0.11874999850988388f,0f,1f,0f,0.75f,0.14026403331441095f,0f,-0.9901141353189408f,-0.006249999999999987f,0f,0f,0f,1f], start_interpolation: 0, interpolation_duration: 1 }
$data merge entity $(bone_right_leg) { transformation: [-0.9974656794790776f,0.001341052678680507f,0.07113662797079401f,-0.11874999850988388f,1.0842021724855044e-19f,0.999822352380809f,-0.018848439715408175f,0.75f,-0.07114926746876701f,-0.018800671727850046f,-0.9972884820758934f,0.012499999999999989f,0f,0f,0f,1f], start_interpolation: 0, interpolation_duration: 1 }