# This file was generated by Animated Java via MC-Build. It is not recommended to edit this file directly.
$data merge entity $(bone_left_ear) { transformation: [-0.975249245933116f,0.13670423099471862f,0.17378395074065742f,0.05060983315187296f,0.13052590478947457f,0.9903514160667956f,-0.04655170107935882f,1.7505896844499917f,-0.17847099620324205f,-0.022716203966234715f,-0.983682915167071f,-0.2761250030974977f,0f,0f,0f,1f], start_interpolation: 0, interpolation_duration: 1 }
$data merge entity $(bone_right_ear) { transformation: [-0.9751504783767312f,-0.119761467277548f,0.18638330257070057f,0.05060983315187296f,-0.13052590478947457f,0.9903514160667956f,-0.04655170107935882f,1.7505896844499917f,-0.17900986760656948f,-0.06972276278247844f,-0.9813736310139257f,-0.2761250030974977f,0f,0f,0f,1f], start_interpolation: 0, interpolation_duration: 1 }
$data merge entity $(bone_left_cheek) { transformation: [-0.9836148233232288f,-0.00037834382013690273f,0.1802823790467811f,0.23458876416286628f,0f,0.999997797908817f,0.002098613236577807f,1.624868561411316f,-0.18028277604589268f,0.0020642270879202692f,-0.9836126573136988f,0.10680451347956937f,0f,0f,0f,1f], start_interpolation: 0, interpolation_duration: 1 }
$data merge entity $(bone_right_cheek) { transformation: [-0.9836148233232288f,-0.00037834382013690273f,0.1802823790467811f,-0.2572186474987481f,0f,0.999997797908817f,0.002098613236577807f,1.624868561411316f,-0.18028277604589268f,0.0020642270879202692f,-0.9836126573136988f,0.01666312545662304f,0f,0f,0f,1f], start_interpolation: 0, interpolation_duration: 1 }
$data merge entity $(bone_floof) { transformation: [-0.9955845166091866f,0.015927527499350815f,0.09250829236241362f,-0.025352209553453593f,-0.00018290619537400475f,0.9851686180103905f,-0.17158892922569607f,1.4997048825136063f,-0.09386925393000667f,-0.17084820149844912f,-0.9808157090969584f,0.1383205299347389f,0f,0f,0f,1f], start_interpolation: 0, interpolation_duration: 1 }
$data merge entity $(bone_eyes_default) { transformation: [-0.9836148233232288f,-0.00037834382013690273f,0.1802823790467811f,0f,0f,0.999997797908817f,0.002098613236577807f,1.5f,-0.18028277604589268f,0.0020642270879202692f,-0.9836126573136988f,0f,0f,0f,0f,1f], start_interpolation: 0, interpolation_duration: 1 }
$data merge entity $(bone_eyes_closed) { transformation: [-0.000009836148233232289f,-3.7834382013690275e-9f,0.0000018028237904678112f,0.045070594761695275f,0f,0.000009999977979088172f,2.098613236577807e-8f,1.5005246533091445f,-0.000001802827760458927f,2.0642270879202693e-8f,-0.00000983612657313699f,-0.2459031643284247f,0f,0f,0f,1f], start_interpolation: 0, interpolation_duration: 1 }
$data merge entity $(bone_head) { transformation: [-0.9836148233232288f,-0.00037834382013690273f,0.1802823790467811f,0f,0f,0.999997797908817f,0.002098613236577807f,1.5f,-0.18028277604589268f,0.0020642270879202692f,-0.9836126573136988f,0f,0f,0f,0f,1f], start_interpolation: 0, interpolation_duration: 1 }
$data merge entity $(bone_breast) { transformation: [-0.9994525281742636f,-0.007665225968594748f,-0.03218521767711479f,0.004167505595621913f,0f,0.9727920548945899f,-0.23167999036162196f,1.4394623311756098f,0.03308540351987385f,-0.23155315209431207f,-0.9722594786522348f,0.12589309969342613f,0f,0f,0f,1f], start_interpolation: 0, interpolation_duration: 1 }
$data merge entity $(bone_body) { transformation: [-0.9994525281742636f,-0.0005173734182625483f,-0.03308135805584403f,0f,0f,0.999877726622636f,-0.01563751271619736f,1.5f,0.03308540351987385f,-0.015628951618560646f,-0.9993303217381286f,0f,0f,0f,0f,1f], start_interpolation: 0, interpolation_duration: 1 }
$data merge entity $(bone_left_arm) { transformation: [-0.9968247166169167f,0f,-0.07962715831676845f,0.3125f,0f,1f,0f,1.3311736971574344f,0.07962715831676845f,0f,-0.9968247166169167f,-0.01874999999999996f,0f,0f,0f,1f], start_interpolation: 0, interpolation_duration: 1 }
$data merge entity $(bone_right_arm) { transformation: [-0.9940749806220288f,0f,0.10869651742955289f,-0.3125f,0f,1f,0f,1.3261f,-0.10869651742955289f,0f,-0.9940749806220288f,0.012499999999999963f,0f,0f,0f,1f], start_interpolation: 0, interpolation_duration: 1 }
$data merge entity $(bone_left_leg) { transformation: [-0.9905573800893929f,0f,-0.13709878464245412f,0.11874999850988388f,0f,1f,0f,0.75f,0.13709878464245412f,0f,-0.9905573800893929f,-0.006249999999999987f,0f,0f,0f,1f], start_interpolation: 0, interpolation_duration: 1 }
$data merge entity $(bone_right_leg) { transformation: [-0.9974858184326043f,0.0013156251346012708f,0.07085415412199066f,-0.11874999850988388f,0f,0.9998276578880071f,-0.0185648733414027f,0.75f,-0.07086636738141443f,-0.01851819787904671f,-0.9973139096199726f,0.012499999999999989f,0f,0f,0f,1f], start_interpolation: 0, interpolation_duration: 1 }