# This file was generated by Animated Java via MC-Build. It is not recommended to edit this file directly.
$data merge entity $(bone_left_ear) { transformation: [-0.9763825861650423f,0.13962511940264688f,0.16486925567085056f,0.04883854996882419f,0.13052619222005157f,0.989322101820917f,-0.06484359639299256f,1.75f,-0.17216259343480464f,-0.041792402185562016f,-0.9841816075000397f,-0.2769771805346835f,0f,0f,0f,1f], start_interpolation: 0, interpolation_duration: 1 }
$data merge entity $(bone_right_ear) { transformation: [-0.9763825861650423f,-0.11691085099358872f,0.18168351150728726f,0.04883854996882419f,-0.13052619222005157f,0.989322101820917f,-0.06484359639299256f,1.75f,-0.17216259343480464f,-0.08702661528864641f,-0.9812168005355412f,-0.2769771805346835f,0f,0f,0f,1f], start_interpolation: 0, interpolation_duration: 1 }
$data merge entity $(bone_left_cheek) { transformation: [-0.984807753012208f,0f,0.17364817766693044f,0.23534892714886885f,0f,1f,0f,1.625f,-0.17364817766693044f,0f,-0.984807753012208f,0.10496252897999561f,0f,0f,0f,1f], start_interpolation: 0, interpolation_duration: 1 }
$data merge entity $(bone_right_cheek) { transformation: [-0.984807753012208f,0f,0.17364817766693044f,-0.25705494935723516f,0f,1f,0f,1.625f,-0.17364817766693044f,0f,-0.984807753012208f,0.01813844014653039f,0f,0f,0f,1f], start_interpolation: 0, interpolation_duration: 1 }
$data merge entity $(bone_floof) { transformation: [-0.9961946980917455f,0.015134435901338639f,0.08583165117743138f,-0.024419274984412095f,8.673617379884035e-19f,0.984807753012208f,-0.17364817766693033f,1.5f,-0.08715574274765826f,-0.17298739392508944f,-0.9810602621904068f,0.13848859026734175f,0f,0f,0f,1f], start_interpolation: 0, interpolation_duration: 1 }
$data merge entity $(bone_eyes_default) { transformation: [-0.984807753012208f,0f,0.17364817766693044f,0f,0f,1f,0f,1.5f,-0.17364817766693044f,0f,-0.984807753012208f,0f,0f,0f,0f,1f], start_interpolation: 0, interpolation_duration: 1 }
$data merge entity $(bone_eyes_closed) { transformation: [-0.00000984807753012208f,0f,0.0000017364817766693047f,0.04341204441673261f,0f,0.00001f,0f,1.5f,-0.0000017364817766693047f,0f,-0.00000984807753012208f,-0.246201938253052f,0f,0f,0f,1f], start_interpolation: 0, interpolation_duration: 1 }
$data merge entity $(bone_head) { transformation: [-0.984807753012208f,0f,0.17364817766693044f,0f,0f,1f,0f,1.5f,-0.17364817766693044f,0f,-0.984807753012208f,0f,0f,0f,0f,1f], start_interpolation: 0, interpolation_duration: 1 }
$data merge entity $(bone_breast) { transformation: [-0.999439257632069f,-0.00777053142218368f,-0.032569758139657776f,0.004218506513394708f,-5.421010862427522e-20f,0.9726996070796053f,-0.23206782281734228f,1.4395125568893798f,0.03348388125440281f,-0.2319376925568551f,-0.9721541731986458f,0.12591554085471715f,0f,0f,0f,1f], start_interpolation: 0, interpolation_duration: 1 }
$data merge entity $(bone_body) { transformation: [-0.999439257632069f,-0.0005369529228729914f,-0.03347957564572117f,0f,-5.421010862427522e-20f,0.9998714124969884f,-0.016036161363533297f,1.5f,0.03348388125440281f,-0.016027169208437785f,-0.9993107422335182f,0f,0f,0f,0f,1f], start_interpolation: 0, interpolation_duration: 1 }
$data merge entity $(bone_left_arm) { transformation: [-0.9967555756233316f,0f,-0.0804880268350562f,0.3125f,0f,1f,0f,1.3310821622175657f,0.0804880268350562f,0f,-0.9967555756233316f,-0.01874999999999996f,0f,0f,0f,1f], start_interpolation: 0, interpolation_duration: 1 }
$data merge entity $(bone_right_arm) { transformation: [-0.9942111857379298f,0f,0.10744355799013577f,-0.3125f,0f,1f,0f,1.3264631944444445f,-0.10744355799013577f,0f,-0.9942111857379298f,0.012499999999999963f,0f,0f,0f,1f], start_interpolation: 0, interpolation_duration: 1 }
$data merge entity $(bone_left_leg) { transformation: [-0.990972965887965f,0f,-0.13406185467615364f,0.11874999850988388f,0f,1f,0f,0.75f,0.13406185467615364f,0f,-0.990972965887965f,-0.006249999999999987f,0f,0f,0f,1f], start_interpolation: 0, interpolation_duration: 1 }
$data merge entity $(bone_right_leg) { transformation: [-0.9975089559852794f,0.0012864847663951742f,0.07052820489778285f,-0.11874999850988388f,0f,0.9998336796916907f,-0.018237679517242724f,0.75f,-0.07053993712187308f,-0.018192248654838903f,-0.9973430499881787f,0.012499999999999989f,0f,0f,0f,1f], start_interpolation: 0, interpolation_duration: 1 }