# This file was generated by Animated Java via MC-Build. It is not recommended to edit this file directly.
$data merge entity $(bone_left_ear) { transformation: [-0.9803539699045279f,0.1420188227478623f,0.13688224018382797f,0.04195366645918151f,0.1305213087412956f,0.987384841321745f,-0.08964018681647049f,1.7475577744213688f,-0.14788604280624756f,-0.07001306387627677f,-0.9865231316242742f,-0.28027950459170287f,0f,0f,0f,1f], start_interpolation: 0, interpolation_duration: 1 }
$data merge entity $(bone_right_ear) { transformation: [-0.9806882583617084f,-0.1152937471829827f,0.15798066898195326f,0.04195366645918151f,-0.1305213087412956f,0.987384841321745f,-0.08964018681647049f,1.7475577744213688f,-0.14565276473839556f,-0.10852892235961256f,-0.9833650111405849f,-0.28027950459170287f,0f,0f,0f,1f], start_interpolation: 0, interpolation_duration: 1 }
$data merge entity $(bone_left_cheek) { transformation: [-0.9889819921749803f,0.0012805416732639512f,0.1480303325897441f,0.23815366996604406f,0f,0.9999625862160468f,-0.008650212027174491f,1.6255359615287042f,-0.14803587117184544f,-0.008554903923371002f,-0.9889449906163915f,0.09774866671606446f,0f,0f,0f,1f], start_interpolation: 0, interpolation_duration: 1 }
$data merge entity $(bone_right_cheek) { transformation: [-0.9889819921749803f,0.0012805416732639512f,0.1480303325897441f,-0.2563373261214461f,0f,0.9999625862160468f,-0.008650212027174491f,1.6255359615287042f,-0.14803587117184544f,-0.008554903923371002f,-0.9889449906163915f,0.023730731130141736f,0f,0f,0f,1f], start_interpolation: 0, interpolation_duration: 1 }
$data merge entity $(bone_floof) { transformation: [-0.9981203106989696f,0.011900784256299222f,0.06011835580151462f,-0.020816765520432764f,0.0007539156541531194f,0.983274529992221f,-0.18212806011090965f,1.5012164360663214f,-0.06128031479503768f,-0.18174039177536105f,-0.9814352515657665f,0.13907038930543006f,0f,0f,0f,1f], start_interpolation: 0, interpolation_duration: 1 }
$data merge entity $(bone_eyes_default) { transformation: [-0.9889819921749803f,0.0012805416732639512f,0.1480303325897441f,0f,0f,0.9999625862160468f,-0.008650212027174491f,1.5f,-0.14803587117184544f,-0.008554903923371002f,-0.9889449906163915f,0f,0f,0f,0f,1f], start_interpolation: 0, interpolation_duration: 1 }
$data merge entity $(bone_eyes_closed) { transformation: [-0.000009889819921749803f,1.2805416732639513e-8f,0.000001480303325897441f,0.037007583147436025f,0f,0.00000999962586216047f,-8.650212027174491e-8f,1.4978374469932063f,-0.0000014803587117184545f,-8.554903923371003e-8f,-0.000009889449906163915f,-0.24723624765409788f,0f,0f,0f,1f], start_interpolation: 0, interpolation_duration: 1 }
$data merge entity $(bone_head) { transformation: [-0.9889819921749803f,0.0012805416732639512f,0.1480303325897441f,0f,0f,0.9999625862160468f,-0.008650212027174491f,1.5f,-0.14803587117184544f,-0.008554903923371002f,-0.9889449906163915f,0f,0f,0f,0f,1f], start_interpolation: 0, interpolation_duration: 1 }
$data merge entity $(bone_breast) { transformation: [-0.9994272687506494f,-0.007864859725514222f,-0.03291319582044861f,0.004264080592324188f,0f,0.9726168929835733f,-0.23241424113633877f,1.439557431492614f,0.03383983566179379f,-0.2322811302376459f,-0.9720598448953154f,0.12593555307748533f,0f,0f,0f,1f], start_interpolation: 0, interpolation_duration: 1 }
$data merge entity $(bone_body) { transformation: [-0.9994272687506494f,-0.000554711749730831f,-0.03383528886372809f,0f,0f,0.9998656377025245f,-0.016392270792175194f,1.5f,0.03383983566179379f,-0.0163828824264447f,-0.9992929834066604f,0f,0f,0f,0f,1f], start_interpolation: 0, interpolation_duration: 1 }
$data merge entity $(bone_left_arm) { transformation: [-0.9966688536757715f,0f,-0.08155486565879123f,0.3125f,0f,1f,0f,1.3309584548104956f,0.08155486565879123f,0f,-0.9966688536757715f,-0.01874999999999996f,0f,0f,0f,1f], start_interpolation: 0, interpolation_duration: 1 }
$data merge entity $(bone_right_arm) { transformation: [-0.994358248060746f,0f,0.10607391061690861f,-0.3125f,0f,1f,0f,1.3268666666666666f,-0.10607391061690861f,0f,-0.994358248060746f,0.012499999999999963f,0f,0f,0f,1f], start_interpolation: 0, interpolation_duration: 1 }
$data merge entity $(bone_left_leg) { transformation: [-0.9913534952995487f,0f,-0.13121831944270435f,0.11874999850988388f,0f,1f,0f,0.75f,0.13121831944270435f,0f,-0.9913534952995487f,-0.006249999999999987f,0f,0f,0f,1f], start_interpolation: 0, interpolation_duration: 1 }
$data merge entity $(bone_right_leg) { transformation: [-0.9975350494049396f,0.0012537169201729567f,0.07015877281259078f,-0.11874999850988388f,-1.0842021724855044e-19f,0.9998403749616279f,-0.01786685749065025f,0.75f,-0.07016997369733477f,-0.017822816569646814f,-0.9973758178344009f,0.012499999999999989f,0f,0f,0f,1f], start_interpolation: 0, interpolation_duration: 1 }