# This file was generated by Animated Java via MC-Build. It is not recommended to edit this file directly.
$data merge entity $(bone_left_ear) { transformation: [-0.985017524532434f,0.14228011248811354f,0.09745176219220278f,0.031784315726017066f,0.13049709079723185f,0.9843811305766487f,-0.11817063534608734f,1.744005558453206f,-0.11274300713328042f,-0.10368297524188176f,-0.9881998051950509f,-0.28469739587458104f,0f,0f,0f,1f], start_interpolation: 0, interpolation_duration: 1 }
$data merge entity $(bone_right_ear) { transformation: [-0.9856291228743703f,-0.11591116333024117f,0.12288138328212919f,0.031784315726017066f,-0.13049709079723185f,0.9843811305766487f,-0.11817063534608734f,1.744005558453206f,-0.10726481918764613f,-0.1325080826971286f,-0.9853607799098626f,-0.28469739587458104f,0f,0f,0f,1f], start_interpolation: 0, interpolation_duration: 1 }
$data merge entity $(bone_left_cheek) { transformation: [-0.9938256398223438f,0.002342818447140887f,0.11092839507282434f,0.24181623756942705f,-2.168404344971009e-19f,0.9997770453399062f,-0.021115388024072906f,1.626291842418993f,-0.11095313259078746f,-0.02098501401312131f,-0.9936040617646248f,0.08721541025634574f,0f,0f,0f,1f], start_interpolation: 0, interpolation_duration: 1 }
$data merge entity $(bone_right_cheek) { transformation: [-0.9938256398223438f,0.002342818447140887f,0.11092839507282434f,-0.25509658234174487f,-2.168404344971009e-19f,0.9997770453399062f,-0.021115388024072906f,1.626291842418993f,-0.11095313259078746f,-0.02098501401312131f,-0.9936040617646248f,0.03173884396095202f,0f,0f,0f,1f], start_interpolation: 0, interpolation_duration: 1 }
$data merge entity $(bone_floof) { transformation: [-0.9997118798830333f,0.006455449303586875f,0.023118918552136714f,-0.015599305557115924f,0.001840327326643081f,0.9809354895883761f,-0.1943249301076518f,1.5029693514408853f,-0.02393262242342703f,-0.19422639480848577f,-0.9806647424801382f,0.13972557118565035f,0f,0f,0f,1f], start_interpolation: 0, interpolation_duration: 1 }
$data merge entity $(bone_eyes_default) { transformation: [-0.9938256398223438f,0.002342818447140887f,0.11092839507282434f,0f,-2.168404344971009e-19f,0.9997770453399062f,-0.021115388024072906f,1.5f,-0.11095313259078746f,-0.02098501401312131f,-0.9936040617646248f,0f,0f,0f,0f,1f], start_interpolation: 0, interpolation_duration: 1 }
$data merge entity $(bone_eyes_closed) { transformation: [-0.000009938256398223439f,2.342818447140887e-8f,0.0000011092839507282435f,0.027732098768206086f,-2.168404344971009e-24f,0.000009997770453399063f,-2.1115388024072907e-7f,1.4947211529939817f,-0.0000011095313259078746f,-2.098501401312131e-7f,-0.00000993604061764625f,-0.2484010154411562f,0f,0f,0f,1f], start_interpolation: 0, interpolation_duration: 1 }
$data merge entity $(bone_head) { transformation: [-0.9938256398223438f,0.002342818447140887f,0.11092839507282434f,0f,-2.168404344971009e-19f,0.9997770453399062f,-0.021115388024072906f,1.5f,-0.11095313259078746f,-0.02098501401312131f,-0.9936040617646248f,0f,0f,0f,0f,1f], start_interpolation: 0, interpolation_duration: 1 }
$data merge entity $(bone_breast) { transformation: [-0.9994167187219787f,-0.007947253350723257f,-0.03321239984061295f,0.0043038037694463375f,0f,0.9725447183963855f,-0.2327160731863945f,1.439596539810055f,0.034149997642654806f,-0.23258033425781025f,-0.9719774512701063f,0.12595296451531351f,0f,0f,0f,1f], start_interpolation: 0, interpolation_duration: 1 }
$data merge entity $(bone_body) { transformation: [-0.9994167187219787f,-0.0005703927144214506f,-0.03414523379835997f,0f,0f,0.9998605023536257f,-0.0167025696572525f,1.5f,0.034149997642654806f,-0.016692827361076575f,-0.9992773024419698f,0f,0f,0f,0f,1f], start_interpolation: 0, interpolation_duration: 1 }
$data merge entity $(bone_left_arm) { transformation: [-0.996565370820493f,0f,-0.08280979218313f,0.3125f,0f,1f,0f,1.3308051373451166f,0.08280979218313f,0f,-0.996565370820493f,-0.01874999999999996f,0f,0f,0f,1f], start_interpolation: 0, interpolation_duration: 1 }
$data merge entity $(bone_right_arm) { transformation: [-0.9945144323547506f,0f,0.10459944473135732f,-0.3125f,0f,1f,0f,1.32730625f,-0.10459944473135732f,0f,-0.9945144323547506f,0.012499999999999963f,0f,0f,0f,1f], start_interpolation: 0, interpolation_duration: 1 }
$data merge entity $(bone_left_leg) { transformation: [-0.9916922232381923f,0f,-0.12863333303965727f,0.11874999850988388f,0f,1f,0f,0.75f,0.12863333303965727f,0f,-0.9916922232381923f,-0.006249999999999987f,0f,0f,0f,1f], start_interpolation: 0, interpolation_duration: 1 }
$data merge entity $(bone_right_leg) { transformation: [-0.9975640502598242f,0.0012174183314141729f,0.06974584949530112f,-0.11874999850988388f,0f,0.9998476951563913f,-0.01745240643728351f,0.75f,-0.06975647374412543f,-0.017409893252357173f,-0.9974121164231597f,0.012499999999999989f,0f,0f,0f,1f], start_interpolation: 0, interpolation_duration: 1 }