# This file was generated by Animated Java via MC-Build. It is not recommended to edit this file directly.
$data merge entity $(bone_left_ear) { transformation: [-0.988913169551676f,0.13937939857085008f,0.051226227084241995f,0.01939259775414762f,0.1304422141620776f,0.9802160173248674f,-0.14886701496392593f,1.739751928971419f,-0.0709617633078047f,-0.14053448912563485f,-0.9875294858962156f,-0.28938642367400297f,0f,0f,0f,1f], start_interpolation: 0, interpolation_duration: 1 }
$data merge entity $(bone_right_ear) { transformation: [-0.9895391946554521f,-0.11938215136196834f,0.08099434657324844f,0.01939259775414762f,-0.1304422141620776f,0.9802160173248674f,-0.14886701496392593f,1.739751928971419f,-0.061619891310631815f,-0.1578748279997896f,-0.9855346405271114f,-0.28938642367400297f,0f,0f,0f,1f], start_interpolation: 0, interpolation_duration: 1 }
$data merge entity $(bone_left_cheek) { transformation: [-0.9912556644513131f,0.002398082304893591f,0.13193353210781844f,0.24556406487368734f,-0.0023457284726641826f,0.9993566191080455f,-0.03578890055407357f,1.627161183123082f,-0.1319344733233825f,-0.03578543064147463f,-0.990612284247821f,0.07456254790073599f,0f,0f,0f,1f], start_interpolation: 0, interpolation_duration: 1 }
$data merge entity $(bone_right_cheek) { transformation: [-0.9912556644513131f,0.002398082304893591f,0.13193353210781844f,-0.253317023043208f,-0.0023457284726641826f,0.9993566191080455f,-0.03578890055407357f,1.627161183123082f,-0.1319344733233825f,-0.03578543064147463f,-0.990612284247821f,0.041131123778288384f,0f,0f,0f,1f], start_interpolation: 0, interpolation_duration: 1 }
$data merge entity $(bone_floof) { transformation: [-0.9994142450200336f,0.007563389390092452f,0.03337606915096766f,-0.009396538588962111f,0.0011734925389338244f,0.982272528296378f,-0.187454802737893f,1.5050436129027962f,-0.03420218949566544f,-0.1873058335855431f,-0.9817060328522624f,0.14022003300681715f,0f,0f,0f,1f], start_interpolation: 0, interpolation_duration: 1 }
$data merge entity $(bone_eyes_default) { transformation: [-0.9977621758337907f,0.002398082304893591f,0.06681982996595279f,0f,0f,0.9993566191080455f,-0.0358656917532178f,1.5f,-0.06686284824489522f,-0.03578543064147463f,-0.9971202347151442f,0f,0f,0f,0f,1f], start_interpolation: 0, interpolation_duration: 1 }
$data merge entity $(bone_eyes_closed) { transformation: [-0.000009977621758337908f,2.3980823048935914e-8f,6.681982996595279e-7f,0.016704957491488197f,0f,0.000009993566191080456f,-3.5865691753217804e-7f,1.4910335770616956f,-6.686284824489523e-7f,-3.5785430641474634e-7f,-0.000009971202347151443f,-0.24928005867878605f,0f,0f,0f,1f], start_interpolation: 0, interpolation_duration: 1 }
$data merge entity $(bone_head) { transformation: [-0.9977621758337907f,0.002398082304893591f,0.06681982996595279f,0f,0f,0.9993566191080455f,-0.0358656917532178f,1.5f,-0.06686284824489522f,-0.03578543064147463f,-0.9971202347151442f,0f,0f,0f,0f,1f], start_interpolation: 0, interpolation_duration: 1 }
$data merge entity $(bone_breast) { transformation: [-0.999407762792625f,-0.00801675855375071f,-0.03346423840655979f,0.004337252215794264f,0f,0.9724838872086565f,-0.23297014641267028f,1.4396294667878622f,0.03441109806211082f,-0.2328321728237571f,-0.9719079460670789f,0.12596760283064348f,0f,0f,0f,1f], start_interpolation: 0, interpolation_duration: 1 }
$data merge entity $(bone_body) { transformation: [-0.999407762792625f,-0.0005837425246229548f,-0.034406146464042636f,0f,0f,0.9998561046189447f,-0.01696378661236907f,1.5f,0.03441109806211082f,-0.016953740026759253f,-0.9992639526317683f,0f,0f,0f,0f,1f], start_interpolation: 0, interpolation_duration: 1 }
$data merge entity $(bone_left_arm) { transformation: [-0.9964459233678656f,0f,-0.08423492033332504f,0.3125f,0f,1f,0f,1.3306247722303206f,0.08423492033332504f,0f,-0.9964459233678656f,-0.01874999999999996f,0f,0f,0f,1f], start_interpolation: 0, interpolation_duration: 1 }
$data merge entity $(bone_right_arm) { transformation: [-0.9946780382679714f,0f,0.10303203476288335f,-0.3125f,0f,1f,0f,1.3277777777777777f,-0.10303203476288335f,0f,-0.9946780382679714f,0.012499999999999963f,0f,0f,0f,1f], start_interpolation: 0, interpolation_duration: 1 }
$data merge entity $(bone_left_leg) { transformation: [-0.991982908695487f,0f,-0.12637210473851038f,0.11874999850988388f,0f,1f,0f,0.75f,0.12637210473851038f,0f,-0.991982908695487f,-0.006249999999999987f,0f,0f,0f,1f], start_interpolation: 0, interpolation_duration: 1 }
$data merge entity $(bone_right_leg) { transformation: [-0.9976121492146027f,0.0011575012430190164f,0.06905548443312604f,-0.11874999850988388f,0f,0.9998595489207323f,-0.016759547488816157f,0.75f,-0.06906518471285877f,-0.016719528190182086f,-0.9974720335115549f,0.012499999999999989f,0f,0f,0f,1f], start_interpolation: 0, interpolation_duration: 1 }