# This file was generated by Animated Java via MC-Build. It is not recommended to edit this file directly.
$data merge entity $(bone_left_ear) { transformation: [-0.9911030381531474f,0.13306341128172455f,0.0029826735777480906f,0.005977900060990543f,0.13035385411090697f,0.9749598841721868f,-0.18016963388259538f,1.7352219757417524f,-0.026881973179682245f,-0.17817786852756634f,-0.9836310317822126f,-0.2936604320282309f,0f,0f,0f,1f], start_interpolation: 0, interpolation_duration: 1 }
$data merge entity $(bone_right_ear) { transformation: [-0.991375970080056f,-0.12570202481913978f,0.03704978952971856f,0.005977900060990543f,-0.13035385411090697f,0.9749598841721868f,-0.18016963388259538f,1.7352219757417524f,-0.013474370718532977f,-0.1834454284285233f,-0.9829375443650603f,-0.2936604320282309f,0f,0f,0f,1f], start_interpolation: 0, interpolation_duration: 1 }
$data merge entity $(bone_left_cheek) { transformation: [-0.9885865048576877f,0.001045506354955745f,0.15065068645619495f,0.24880856742575874f,-0.006705190071745586f,0.9986796664622372f,-0.050930975064065326f,1.6280456118352922f,-0.15050502596047344f,-0.05135981611470613f,-0.9872742306215131f,0.06107264580208836f,0f,0f,0f,1f], start_interpolation: 0, interpolation_duration: 1 }
$data merge entity $(bone_right_cheek) { transformation: [-0.9885865048576877f,0.001045506354955745f,0.15065068645619495f,-0.2510878679357983f,-0.006705190071745586f,0.9986796664622372f,-0.050930975064065326f,1.6280456118352922f,-0.15050502596047344f,-0.05135981611470613f,-0.9872742306215131f,0.050896501502370364f,0f,0f,0f,1f], start_interpolation: 0, interpolation_duration: 1 }
$data merge entity $(bone_floof) { transformation: [-0.9991115504636235f,0.0065357539145899195f,0.04163404437407138f,-0.0028582617361258035f,-0.0011206406014159405f,0.9834322290544115f,-0.1812727089821132f,1.5072239704369035f,-0.04212901488068147f,-0.18115831412838707f,-0.9825511749152529f,0.14041023899977717f,0f,0f,0f,1f], start_interpolation: 0, interpolation_duration: 1 }
$data merge entity $(bone_eyes_default) { transformation: [-0.999792870723114f,0.001045506354955745f,0.020325416790227938f,0f,0f,0.9986796664622372f,-0.05137045644020189f,1.5f,-0.020352288599436004f,-0.05135981611470613f,-0.9984728106650821f,0f,0f,0f,0f,1f], start_interpolation: 0, interpolation_duration: 1 }
$data merge entity $(bone_eyes_closed) { transformation: [-0.00000999792870723114f,1.0455063549557451e-8f,2.032541679022794e-7f,0.005081354197556984f,0f,0.000009986796664622372f,-5.13704564402019e-7f,1.4871573858899496f,-2.0352288599436006e-7f,-5.135981611470614e-7f,-0.000009984728106650822f,-0.24961820266627052f,0f,0f,0f,1f], start_interpolation: 0, interpolation_duration: 1 }
$data merge entity $(bone_head) { transformation: [-0.999792870723114f,0.001045506354955745f,0.020325416790227938f,0f,0f,0.9986796664622372f,-0.05137045644020189f,1.5f,-0.020352288599436004f,-0.05135981611470613f,-0.9984728106650821f,0f,0f,0f,0f,1f], start_interpolation: 0, interpolation_duration: 1 }
$data merge entity $(bone_breast) { transformation: [-0.9994005527120452f,-0.008072428360988971f,-0.03366557795754205f,0.004364002506944932f,5.421010862427522e-20f,0.9724351999031343f,-0.23317328746953644f,1.4396557975865294f,0.03461986768979107f,-0.23303351237473935f,-0.9718522762598405f,0.125979294795619f,0f,0f,0f,1f], start_interpolation: 0, interpolation_duration: 1 }
$data merge entity $(bone_body) { transformation: [-0.9994005527120452f,-0.0005945148804617342f,-0.03461476261532859f,0f,5.421010862427522e-20f,0.999852539168889f,-0.01717265027668054f,1.5f,0.03461986768979107f,-0.01716235617804519f,-0.9992531802759295f,0f,0f,0f,0f,1f], start_interpolation: 0, interpolation_duration: 1 }
$data merge entity $(bone_left_arm) { transformation: [-0.9963113159928326f,0f,-0.08581236288921303f,0.3125f,0f,1f,0f,1.330419921875f,0.08581236288921303f,0f,-0.9963113159928326f,-0.01874999999999996f,0f,0f,0f,1f], start_interpolation: 0, interpolation_duration: 1 }
$data merge entity $(bone_right_arm) { transformation: [-0.9948474121625075f,0f,0.10138356135765772f,-0.3125f,0f,1f,0f,1.3282770833333333f,-0.10138356135765772f,0f,-0.9948474121625075f,0.012499999999999963f,0f,0f,0f,1f], start_interpolation: 0, interpolation_duration: 1 }
$data merge entity $(bone_left_leg) { transformation: [-0.9922196236932184f,0f,-0.12449987292398369f,0.11874999850988388f,0f,1f,0f,0.75f,0.12449987292398369f,0f,-0.9922196236932184f,-0.006249999999999987f,0f,0f,0f,1f], start_interpolation: 0, interpolation_duration: 1 }
$data merge entity $(bone_right_leg) { transformation: [-0.9976735386425021f,0.0010815607183522818f,0.06816407058678732f,-0.11874999850988388f,0f,0.9998741425913217f,-0.015865023708436822f,0.75f,-0.06817265061993709f,-0.015828114343843354f,-0.9975479740362216f,0.012499999999999989f,0f,0f,0f,1f], start_interpolation: 0, interpolation_duration: 1 }