# This file was generated by Animated Java via MC-Build. It is not recommended to edit this file directly.
$data merge entity $(bone_left_ear) { transformation: [-0.9919973808678535f,0.12618704265916283f,0.004245776283943757f,-0.007106084211910097f,0.12312397657403418f,0.9742695694318055f,-0.18878371876769753f,1.7308622466564487f,-0.027958589805556502f,-0.18675019770832652f,-0.9820095116199158f,-0.29707522470901243f,0f,0f,0f,1f], start_interpolation: 0, interpolation_duration: 1 }
$data merge entity $(bone_right_ear) { transformation: [-0.9904975578142448f,-0.13294037689464264f,0.0352341333812462f,-0.007106084211910097f,-0.13710953317417526f,0.9745365583885567f,-0.1774245537600337f,1.7308622466564487f,-0.010750064035940358f,-0.1805695227752948f,-0.9835034741005877f,-0.29707522470901243f,0f,0f,0f,1f], start_interpolation: 0, interpolation_duration: 1 }
$data merge entity $(bone_left_cheek) { transformation: [-0.9851598632021592f,-0.0015807002827100075f,0.17163200552961877f,0.2512222345821037f,-0.012895718707610321f,0.9978129191680883f,-0.0648311559381155f,1.628857944481694f,-0.17115415383366256f,-0.0660823707797647f,-0.9830256232151878f,0.048106849777626706f,0f,0f,0f,1f], start_interpolation: 0, interpolation_duration: 1 }
$data merge entity $(bone_right_cheek) { transformation: [-0.9851598632021592f,-0.0015807002827100075f,0.17163200552961877f,-0.24863478336778894f,-0.012895718707610321f,0.9978129191680883f,-0.0648311559381155f,1.628857944481694f,-0.17115415383366256f,-0.0660823707797647f,-0.9830256232151878f,0.060063505089241576f,0f,0f,0f,1f], start_interpolation: 0, interpolation_duration: 1 }
$data merge entity $(bone_floof) { transformation: [-0.9986212141656388f,0.00414101355387137f,0.052330895512038886f,0.003355454570616297f,-0.005042467852506595f,0.9847069864920386f,-0.17414569840143812f,1.5092954915677868f,-0.05225173811751831f,-0.17416946563767963f,-0.9833284055203446f,0.14027731600703564f,0f,0f,0f,1f], start_interpolation: 0, interpolation_duration: 1 }
$data merge entity $(bone_eyes_default) { transformation: [-0.9997140358997851f,-0.0015807002827100075f,-0.023861010279938113f,0f,1.0842021724855044e-19f,0.9978129191680883f,-0.06610127337092728f,1.5f,0.02391331062322973f,-0.0660823707797647f,-0.9975275804944757f,0f,0f,0f,0f,1f], start_interpolation: 0, interpolation_duration: 1 }
$data merge entity $(bone_eyes_closed) { transformation: [-0.000009997140358997853f,-1.5807002827100076e-8f,-2.3861010279938114e-7f,-0.005965252569984528f,1.0842021724855045e-24f,0.000009978129191680884f,-6.610127337092728e-7f,1.4834746816572681f,2.391331062322973e-7f,-6.60823707797647e-7f,-0.000009975275804944757f,-0.2493818951236189f,0f,0f,0f,1f], start_interpolation: 0, interpolation_duration: 1 }
$data merge entity $(bone_head) { transformation: [-0.9997140358997851f,-0.0015807002827100075f,-0.023861010279938113f,0f,1.0842021724855044e-19f,0.9978129191680883f,-0.06610127337092728f,1.5f,0.02391331062322973f,-0.0660823707797647f,-0.9975275804944757f,0f,0f,0f,0f,1f], start_interpolation: 0, interpolation_duration: 1 }
$data merge entity $(bone_breast) { transformation: [-0.9993952350738887f,-0.008113325761348687f,-0.0338132822526445f,0.004383631805084909f,-5.421010862427522e-20f,0.9723994519421854f,-0.23332232182656137f,1.4396751176801512f,0.034773037135211064f,-0.23318121666984182f,-0.9718113788594809f,0.12598786586530403f,0f,0f,0f,1f], start_interpolation: 0, interpolation_duration: 1 }
$data merge entity $(bone_body) { transformation: [-0.9993952350738887f,-0.000602473788525534f,-0.03476781754641651f,0f,-5.421010862427522e-20f,0.9998498955160499f,-0.01732588919923451f,1.5f,0.034773037135211064f,-0.017315411109133125f,-0.9992452213678658f,0f,0f,0f,0f,1f], start_interpolation: 0, interpolation_duration: 1 }
$data merge entity $(bone_left_arm) { transformation: [-0.9961623906336735f,0f,-0.08752423371275266f,0.3125f,0f,1f,0f,1.3301931486880467f,0.08752423371275266f,0f,-0.9961623906336735f,-0.01874999999999996f,0f,0f,0f,1f], start_interpolation: 0, interpolation_duration: 1 }
$data merge entity $(bone_right_arm) { transformation: [-0.9950209575259225f,0f,0.0996659123481867f,-0.3125f,0f,1f,0f,1.3288f,-0.0996659123481867f,0f,-0.9950209575259225f,0.012499999999999963f,0f,0f,0f,1f], start_interpolation: 0, interpolation_duration: 1 }
$data merge entity $(bone_left_leg) { transformation: [-0.9923965194377007f,0f,-0.12308187603354687f,0.11874999850988388f,0f,1f,0f,0.75f,0.12308187603354687f,0f,-0.9923965194377007f,-0.006249999999999987f,0f,0f,0f,1f], start_interpolation: 0, interpolation_duration: 1 }
$data merge entity $(bone_right_leg) { transformation: [-0.9977455966578388f,0.0009932149891238636f,0.06710244312898428f,-0.11874999850988388f,0f,0.9998904761967832f,-0.014799851721224142f,0.75f,-0.06710979324877397f,-0.014766486886040323f,-0.99763631976545f,0.012499999999999989f,0f,0f,0f,1f], start_interpolation: 0, interpolation_duration: 1 }