# This file was generated by Animated Java via MC-Build. It is not recommended to edit this file directly.
$data merge entity $(bone_left_ear) { transformation: [-0.99278479207985f,0.11926701887932502f,0.01239898474099422f,-0.018384052968282515f,0.11459979937758853f,0.9741651867362828f,-0.1945997814327643f,1.7271398143624161f,-0.035287995091604976f,-0.1917747823847075f,-0.9808043588013426f,-0.29945132129924973f,0f,0f,0f,1f], start_interpolation: 0, interpolation_duration: 1 }
$data merge entity $(bone_right_ear) { transformation: [-0.9893677736067692f,-0.13979919158107967f,0.04009481988563284f,-0.018384052968282515f,-0.14465594021168765f,0.9744323915791397f,-0.1719190891170343f,1.7271398143624161f,-0.015035541555175058f,-0.17589116030839846f,-0.9842947892859678f,-0.29945132129924973f,0f,0f,0f,1f], start_interpolation: 0, interpolation_duration: 1 }
$data merge entity $(bone_left_cheek) { transformation: [-0.9799213448967832f,-0.004812407687057191f,0.19932636189910558f,0.2527466365151179f,-0.020326401993103243f,0.996911342332689f,-0.0758591649733306f,1.629522366951754f,-0.19834564577447727f,-0.07838760272319709f,-0.9769925222547079f,0.03707214843396593f,0f,0f,0f,1f], start_interpolation: 0, interpolation_duration: 1 }
$data merge entity $(bone_right_cheek) { transformation: [-0.9799213448967832f,-0.004812407687057191f,0.19932636189910558f,-0.24631376019398527f,-0.020326401993103243f,0.996911342332689f,-0.0758591649733306f,1.629522366951754f,-0.19834564577447727f,-0.07838760272319709f,-0.9769925222547079f,0.06771069338232387f,0f,0f,0f,1f], start_interpolation: 0, interpolation_duration: 1 }
$data merge entity $(bone_floof) { transformation: [-0.9975552929761953f,0.0012820281923075485f,0.06986983511424141f,0.008590475523259108f,-0.010250898857319037f,0.9863315593315007f,-0.1644535622578826f,1.511044010610378f,-0.06912565752160457f,-0.1647677500920747f,-0.9839071256992712f,0.13992721030922523f,0f,0f,0f,1f], start_interpolation: 0, interpolation_duration: 1 }
$data merge entity $(bone_eyes_default) { transformation: [-0.9981207934182064f,-0.004812407687057191f,-0.061087825943175876f,0f,4.336808689942018e-19f,0.996911342332689f,-0.07853518656268807f,1.5f,0.06127708989671588f,-0.07838760272319709f,-0.9950379399767126f,0f,0f,0f,0f,1f], start_interpolation: 0, interpolation_duration: 1 }
$data merge entity $(bone_eyes_closed) { transformation: [-0.000009981207934182064f,-4.812407687057191e-8f,-6.108782594317588e-7f,-0.015271956485793969f,4.336808689942018e-24f,0.00000996911342332689f,-7.853518656268807e-7f,1.480366203359328f,6.127708989671588e-7f,-7.83876027231971e-7f,-0.000009950379399767126f,-0.24875948499417816f,0f,0f,0f,1f], start_interpolation: 0, interpolation_duration: 1 }
$data merge entity $(bone_head) { transformation: [-0.9981207934182064f,-0.004812407687057191f,-0.061087825943175876f,0f,4.336808689942018e-19f,0.996911342332689f,-0.07853518656268807f,1.5f,0.06127708989671588f,-0.07838760272319709f,-0.9950379399767126f,0f,0f,0f,0f,1f], start_interpolation: 0, interpolation_duration: 1 }
$data merge entity $(bone_breast) { transformation: [-0.9993919495502869f,-0.008138527104485265f,-0.03390421139986157f,0.004395718052949598f,-5.421010862427522e-20f,0.972377432051194f,-0.23341407334932832f,1.4396870129621229f,0.03486733677924004f,-0.23327214581705885f,-0.9717861775163443f,0.1259931397234303f,0f,0f,0f,1f], start_interpolation: 0, interpolation_duration: 1 }
$data merge entity $(bone_body) { transformation: [-0.9993919495502869f,-0.000607397089684453f,-0.034862045878754556f,0f,-5.421010862427522e-20f,0.9998482562485637f,-0.0174202318212642f,1.5f,0.03486733677924004f,-0.017409639441471173f,-0.9992402980667068f,0f,0f,0f,0f,1f], start_interpolation: 0, interpolation_duration: 1 }
$data merge entity $(bone_left_arm) { transformation: [-0.996000052187009f,0f,-0.08935264989621303f,0.3125f,0f,1f,0f,1.3299470150783528f,0.08935264989621303f,0f,-0.996000052187009f,-0.01874999999999996f,0f,0f,0f,1f], start_interpolation: 0, interpolation_duration: 1 }
$data merge entity $(bone_right_arm) { transformation: [-0.995197143962657f,0f,0.09789098348964766f,-0.3125f,0f,1f,0f,1.329342361111111f,-0.09789098348964766f,0f,-0.995197143962657f,0.012499999999999963f,0f,0f,0f,1f], start_interpolation: 0, interpolation_duration: 1 }
$data merge entity $(bone_left_leg) { transformation: [-0.9925075497180772f,0f,-0.12218332027170663f,0.11874999850988388f,0f,1f,0f,0.75f,0.12218332027170663f,0f,-0.9925075497180772f,-0.006249999999999987f,0f,0f,0f,1f], start_interpolation: 0, interpolation_duration: 1 }
$data merge entity $(bone_right_leg) { transformation: [-0.9978257345282526f,0.000896016245056244f,0.06590144663087207f,-0.11874999850988388f,5.421010862427522e-20f,0.9999075830422648f,-0.013595049634936046f,0.75f,-0.06590753760498934f,-0.013565490387928113f,-0.9977335185095176f,0.012499999999999989f,0f,0f,0f,1f], start_interpolation: 0, interpolation_duration: 1 }