# This file was generated by Animated Java via MC-Build. It is not recommended to edit this file directly.
$data merge entity $(bone_left_ear) { transformation: [-0.9913859817963966f,0.13081336140376143f,-0.00645752087443881f,-0.0017430783112925632f,0.1303925890209676f,0.9904300443248951f,0.04523383719070638f,1.7624661232435797f,0.012312912978006144f,0.044002179228251774f,-0.9989555547656567f,-0.269648026745027f,0f,0f,0f,1f], start_interpolation: 0, interpolation_duration: 1 }
$data merge entity $(bone_right_ear) { transformation: [-0.991462312923256f,-0.1302335689329896f,-0.00645752087443881f,-0.0017430783112925632f,-0.1303925890209676f,0.9904300443248951f,0.04523383719070638f,1.7624661232435797f,0.0005047586320198793f,0.04568965770896676f,-0.9989555547656567f,-0.269648026745027f,0f,0f,0f,1f], start_interpolation: 0, interpolation_duration: 1 }
$data merge entity $(bone_left_cheek) { transformation: [-0.9999791072456058f,0.00029239773857340807f,-0.00645752087443881f,0.25043492158337555f,0f,0.9989764261347736f,0.04523383719070638f,1.6220449384424276f,0.006464137396539141f,0.04523289213125564f,-0.9989555547656567f,0.06647279934012572f,0f,0f,0f,1f], start_interpolation: 0, interpolation_duration: 1 }
$data merge entity $(bone_right_cheek) { transformation: [-0.9999791072456058f,0.00029239773857340807f,-0.00645752087443881f,-0.24955463203942735f,0f,0.9989764261347736f,0.04523383719070638f,1.6220449384424276f,0.006464137396539141f,0.04523289213125564f,-0.9989555547656567f,0.06970486803839528f,0f,0f,0f,1f], start_interpolation: 0, interpolation_duration: 1 }
$data merge entity $(bone_floof) { transformation: [-0.9999791072456058f,-0.0008333811721821328f,-0.0064101909568427175f,0.0009080888729679576f,0f,0.9916545029310011f,-0.12892380236662668f,1.493638991645057f,0.006464137396539141f,-0.12892110879328825f,-0.9916337845370274f,0.14047812488892047f,0f,0f,0f,1f], start_interpolation: 0, interpolation_duration: 1 }
$data merge entity $(bone_eyes_default) { transformation: [-0.9999791072456058f,0.00029239773857340807f,-0.00645752087443881f,0f,0f,0.9989764261347736f,0.04523383719070638f,1.5f,0.006464137396539141f,0.04523289213125564f,-0.9989555547656567f,0f,0f,0f,0f,1f], start_interpolation: 0, interpolation_duration: 1 }
$data merge entity $(bone_eyes_closed) { transformation: [-0.000009999791072456058f,2.923977385734081e-9f,-6.45752087443881e-8f,-0.0016143802186097025f,0f,0.000009989764261347737f,4.523383719070638e-7f,1.5113084592976767f,6.464137396539142e-8f,4.5232892131255646e-7f,-0.000009989555547656567f,-0.24973888869141417f,0f,0f,0f,1f], start_interpolation: 0, interpolation_duration: 1 }
$data merge entity $(bone_head) { transformation: [-0.9999791072456058f,0.00029239773857340807f,-0.00645752087443881f,0f,0f,0.9989764261347736f,0.04523383719070638f,1.5f,0.006464137396539141f,0.04523289213125564f,-0.9989555547656567f,0f,0f,0f,0f,1f], start_interpolation: 0, interpolation_duration: 1 }
$data merge entity $(bone_breast) { transformation: [-0.9998390469101589f,-0.0038917072410728387f,-0.017513848478699027f,0.0022431754712993563f,8.470329472543003e-22f,0.9761901181955526f,-0.21691669630840527f,1.437561093984515f,0.01794102209421322f,-0.21688178289589632f,-0.9760329973797567f,0.12501040428458102f,0f,0f,0f,1f], start_interpolation: 0, interpolation_duration: 1 }
$data merge entity $(bone_body) { transformation: [-0.9998390469101589f,-0.000008767637039096676f,-0.017941019951875303f,0f,8.470329472543003e-22f,0.9999998805899738f,-0.0004886921711068306f,1.5f,0.01794102209421322f,-0.0004886135145919099f,-0.9998389275193521f,0f,0f,0f,0f,1f], start_interpolation: 0, interpolation_duration: 1 }
$data merge entity $(bone_left_arm) { transformation: [-0.9930842400733941f,0f,-0.1174039697704013f,0.3125f,0f,1f,0f,1.3256166666666667f,0.1174039697704013f,0f,-0.9930842400733941f,-0.018749999999999965f,0f,0f,0f,1f], start_interpolation: 0, interpolation_duration: 1 }
$data merge entity $(bone_right_arm) { transformation: [-0.9971685682312039f,0f,0.07519871363082434f,-0.3125f,0f,1f,0f,1.3360150204824761f,-0.07519871363082434f,0f,-0.9971685682312039f,0.012499999999999964f,0f,0f,0f,1f], start_interpolation: 0, interpolation_duration: 1 }
$data merge entity $(bone_left_leg) { transformation: [-0.991982908695487f,0f,-0.12637210473851035f,0.11874999850988388f,0f,1f,0f,0.75f,0.12637210473851035f,0f,-0.991982908695487f,-0.006249999999999987f,0f,0f,0f,1f], start_interpolation: 0, interpolation_duration: 1 }
$data merge entity $(bone_right_leg) { transformation: [-0.9984202011480627f,0.00021676324463517334f,0.05618767616798015f,-0.11874999850988388f,0f,0.9999925586059702f,-0.003857814495947877f,0.75f,-0.056188094285729503f,-0.0038517199250361913f,-0.9984127715099387f,0.012499999999999989f,0f,0f,0f,1f], start_interpolation: 0, interpolation_duration: 1 }