# This file was generated by Animated Java via MC-Build. It is not recommended to edit this file directly.
$data merge entity $(bone_left_ear) { transformation: [-0.9930068293962285f,0.1136905266267812f,0.031810390248700804f,-0.02631830585788604f,0.10533813734882443f,0.9749151784878811f,-0.19607210809756492f,1.7245361218751576f,-0.05330397351351662f,-0.1913500951378602f,-0.9800733786295811f,-0.3008196124757081f,0f,0f,0f,1f], start_interpolation: 0, interpolation_duration: 1 }
$data merge entity $(bone_right_ear) { transformation: [-0.9878141770411848f,-0.14519090738318946f,0.05606025374267311f,-0.02631830585788604f,-0.15249602314747515f,0.9749151784878797f,-0.16212759690487805f,1.7245361218751576f,-0.031114539377138734f,-0.16870090446465308f,-0.9851760706960744f,-0.3008196124757081f,0f,0f,0f,1f], start_interpolation: 0, interpolation_duration: 1 }
$data merge entity $(bone_left_cheek) { transformation: [-0.9898867729833521f,-0.007596123493895961f,0.14165618793568738f,0.25352566463829096f,-0.019791000365123393f,0.9961946980917455f,-0.08487897147376172f,1.6299715711831968f,-0.1404723922240701f,-0.0868240888334652f,-0.9862702898400041f,0.02938329549053384f,0f,0f,0f,1f], start_interpolation: 0, interpolation_duration: 1 }
$data merge entity $(bone_right_cheek) { transformation: [-0.9898867729833521f,-0.007596123493895961f,0.14165618793568738f,-0.2445716844075818f,-0.019791000365123393f,0.9961946980917455f,-0.08487897147376172f,1.6299715711831968f,-0.1404723922240701f,-0.0868240888334652f,-0.9862702898400041f,0.07296116686436287f,0f,0f,0f,1f], start_interpolation: 0, interpolation_duration: 1 }
$data merge entity $(bone_floof) { transformation: [-0.9994248872905406f,-0.004869969452074004f,0.03355857657628228f,0.012209637492206025f,-0.010432860987713661f,0.9857914171765975f,-0.16764974569788815f,1.5122562763238894f,-0.03226530762136601f,-0.16790344016276557f,-0.9852752837180111f,0.1395567951336709f,0f,0f,0f,1f], start_interpolation: 0, interpolation_duration: 1 }
$data merge entity $(bone_eyes_default) { transformation: [-0.9961946980917455f,-0.007596123493895961f,-0.08682408883346507f,0f,0f,0.9961946980917455f,-0.08715574274765818f,1.5f,0.08715574274765805f,-0.0868240888334652f,-0.9924038765061041f,0f,0f,0f,0f,1f], start_interpolation: 0, interpolation_duration: 1 }
$data merge entity $(bone_eyes_closed) { transformation: [-0.000009961946980917456f,-7.596123493895962e-8f,-8.682408883346507e-7f,-0.021706022208366267f,0f,0.000009961946980917456f,-8.715574274765819e-7f,1.4782110643130855f,8.715574274765806e-7f,-8.68240888334652e-7f,-0.000009924038765061042f,-0.24810096912652602f,0f,0f,0f,1f], start_interpolation: 0, interpolation_duration: 1 }
$data merge entity $(bone_head) { transformation: [-0.9961946980917455f,-0.007596123493895961f,-0.08682408883346507f,0f,0f,0.9961946980917455f,-0.08715574274765818f,1.5f,0.08715574274765805f,-0.0868240888334652f,-0.9924038765061041f,0f,0f,0f,0f,1f], start_interpolation: 0, interpolation_duration: 1 }
$data merge entity $(bone_breast) { transformation: [-0.9993908270190958f,-0.008147125706103282f,-0.03393522083052973f,0.004399840180070986f,0f,0.9723699203976767f,-0.23344536385590542f,1.439691069857386f,0.034899496702500844f,-0.23330315524772705f,-0.9717775789147264f,0.1259949378008622f,0f,0f,0f,1f], start_interpolation: 0, interpolation_duration: 1 }
$data merge entity $(bone_body) { transformation: [-0.9993908270190958f,-0.0006090802009086804f,-0.03489418134011355f,0f,0f,0.9998476951563913f,-0.01745240643728351f,1.5f,0.034899496702500844f,-0.017441774902830158f,-0.9992386149554826f,0f,0f,0f,0f,1f], start_interpolation: 0, interpolation_duration: 1 }
$data merge entity $(bone_left_arm) { transformation: [-0.9958252909978864f,0f,-0.09127973383492492f,0.3125f,0f,1f,0f,1.3296840834548105f,0.09127973383492492f,0f,-0.9958252909978864f,-0.01874999999999996f,0f,0f,0f,1f], start_interpolation: 0, interpolation_duration: 1 }
$data merge entity $(bone_right_arm) { transformation: [-0.9953745147640664f,0f,0.09607067897230392f,-0.3125f,0f,1f,0f,1.3299f,-0.09607067897230392f,0f,-0.9953745147640664f,0.012499999999999963f,0f,0f,0f,1f], start_interpolation: 0, interpolation_duration: 1 }
$data merge entity $(bone_left_leg) { transformation: [-0.992546151641322f,0f,-0.12186934340514734f,0.11874999850988388f,0f,1f,0f,0.75f,0.12186934340514734f,0f,-0.992546151641322f,-0.006249999999999987f,0f,0f,0f,1f], start_interpolation: 0, interpolation_duration: 1 }
$data merge entity $(bone_right_leg) { transformation: [-0.997911444701132f,0.000793354687988132f,0.06459194317280202f,-0.11874999850988388f,5.421010862427522e-20f,0.9999245778421062f,-0.01228163780958404f,0.75f,-0.06459681520399778f,-0.012255986929858055f,-0.9978361800665857f,0.012499999999999989f,0f,0f,0f,1f], start_interpolation: 0, interpolation_duration: 1 }