# This file was generated by Animated Java via MC-Build. It is not recommended to edit this file directly.
$data merge entity $(bone_left_ear) { transformation: [-0.9936847569692657f,0.11182187420358204f,0.009299043850289027f,-0.028718397844246964f,0.10817036881738165f,0.9766654315888894f,-0.18553653561819022f,1.723688079737764f,-0.029829097821472236f,-0.1833589463017461f,-0.9825933654031409f,-0.301231570570701f,0f,0f,0f,1f], start_interpolation: 0, interpolation_duration: 1 }
$data merge entity $(bone_right_ear) { transformation: [-0.988643838620502f,-0.14714417014681097f,0.0305279142675208f,-0.028718397844246964f,-0.15012021906572218f,0.9763107268412737f,-0.1558245310672346f,1.723688079737764f,-0.0068760588550671325f,-0.15863781972301028f,-0.9873128997274123f,-0.301231570570701f,0f,0f,0f,1f], start_interpolation: 0, interpolation_duration: 1 }
$data merge entity $(bone_left_cheek) { transformation: [-0.9947984645233181f,-0.008536836942031136f,0.10150437132002561f,0.25371204571562334f,-0.01754840873547189f,0.995946266571758f,-0.08822180825980398f,1.6301151693003977f,-0.10033976446504785f,-0.0895441595906845f,-0.990915624637283f,0.027046082465346337f,0f,0f,0f,1f], start_interpolation: 0, interpolation_duration: 1 }
$data merge entity $(bone_right_cheek) { transformation: [-0.9947984645233181f,-0.008536836942031136f,0.10150437132002561f,-0.24403106001391373f,-0.01754840873547189f,0.995946266571758f,-0.08822180825980398f,1.6301151693003977f,-0.10033976446504785f,-0.0895441595906845f,-0.990915624637283f,0.0744992246027736f,0f,0f,0f,1f], start_interpolation: 0, interpolation_duration: 1 }
$data merge entity $(bone_floof) { transformation: [-0.9998596449024698f,-0.007412273503761233f,0.015024935840535991f,0.01329209430436959f,-0.009792594516799258f,0.9862232379744721f,-0.16512973678831216f,1.5126492434525878f,-0.013593954102333022f,-0.1652536930923274f,-0.9861574019045897f,0.13942276533651493f,0f,0f,0f,1f], start_interpolation: 0, interpolation_duration: 1 }
$data merge entity $(bone_eyes_default) { transformation: [-0.9954862114590741f,-0.008536836942031136f,-0.0945215594977393f,0f,0f,0.995946266571758f,-0.08995017566284573f,1.5f,0.09490628427485451f,-0.0895441595906845f,-0.9914507757263284f,0f,0f,0f,0f,1f], start_interpolation: 0, interpolation_duration: 1 }
$data merge entity $(bone_eyes_closed) { transformation: [-0.000009954862114590742f,-8.536836942031137e-8f,-9.452155949773931e-7f,-0.023630389874434825f,0f,0.00000995946266571758f,-8.995017566284574e-7f,1.4775124560842885f,9.490628427485452e-7f,-8.954415959068451e-7f,-0.000009914507757263285f,-0.2478626939315821f,0f,0f,0f,1f], start_interpolation: 0, interpolation_duration: 1 }
$data merge entity $(bone_head) { transformation: [-0.9954862114590741f,-0.008536836942031136f,-0.0945215594977393f,0f,0f,0.995946266571758f,-0.08995017566284573f,1.5f,0.09490628427485451f,-0.0895441595906845f,-0.9914507757263284f,0f,0f,0f,0f,1f], start_interpolation: 0, interpolation_duration: 1 }
$data merge entity $(bone_breast) { transformation: [-0.9993919495502869f,-0.008138527104485265f,-0.03390421139986157f,0.004395718052949598f,-5.421010862427522e-20f,0.972377432051194f,-0.23341407334932832f,1.4396870129621229f,0.03486733677924004f,-0.23327214581705885f,-0.9717861775163443f,0.1259931397234303f,0f,0f,0f,1f], start_interpolation: 0, interpolation_duration: 1 }
$data merge entity $(bone_body) { transformation: [-0.9993919495502869f,-0.000607397089684453f,-0.034862045878754556f,0f,-5.421010862427522e-20f,0.9998482562485637f,-0.017420231821264197f,1.5f,0.03486733677924004f,-0.01740963944147117f,-0.9992402980667068f,0f,0f,0f,0f,1f], start_interpolation: 0, interpolation_duration: 1 }
$data merge entity $(bone_left_arm) { transformation: [-0.9956392021446487f,0f,-0.09328761521642234f,0.3125f,0f,1f,0f,1.329406916226312f,0.09328761521642234f,0f,-0.9956392021446487f,-0.01874999999999996f,0f,0f,0f,1f], start_interpolation: 0, interpolation_duration: 1 }
$data merge entity $(bone_right_arm) { transformation: [-0.9955516930554401f,0f,0.09421691172208327f,-0.3125f,0f,1f,0f,1.33046875f,-0.09421691172208327f,0f,-0.9955516930554401f,0.012499999999999963f,0f,0f,0f,1f], start_interpolation: 0, interpolation_duration: 1 }
$data merge entity $(bone_left_leg) { transformation: [-0.9925075497180772f,0f,-0.12218332027170663f,0.11874999850988388f,0f,1f,0f,0.75f,0.12218332027170663f,0f,-0.9925075497180772f,-0.006249999999999987f,0f,0f,0f,1f], start_interpolation: 0, interpolation_duration: 1 }
$data merge entity $(bone_right_leg) { transformation: [-0.998000339241024f,0.000688381694166557f,0.06320481789740437f,-0.11874999850988388f,0f,0.9999406952299618f,-0.01089063923838556f,0.75f,-0.06320856646690312f,-0.010868861654460398f,-0.9979411530604073f,0.012499999999999989f,0f,0f,0f,1f], start_interpolation: 0, interpolation_duration: 1 }