# This file was generated by Animated Java via MC-Build. It is not recommended to edit this file directly.
$data merge entity $(bone_left_ear) { transformation: [-0.9937769206279577f,0.11079376284629837f,-0.011496701334386378f,-0.030582838976949793f,0.11109323761848544f,0.9783359561305701f,-0.17469129771550107f,1.7229088343917334f,-0.008107069918078857f,-0.1748813856773822f,-0.9845561316455766f,-0.3016254366100921f,0f,0f,0f,1f], start_interpolation: 0, interpolation_duration: 1 }
$data merge entity $(bone_right_ear) { transformation: [-0.9889265512916369f,-0.1482538567048052f,0.006713428526515006f,-0.030582838976949793f,-0.14758796103120875f,0.977727501002059f,-0.1492203992184687f,1.7229088343917334f,0.015558595986783205f,-0.1485588360092386f,-0.9887811700950317f,-0.3016254366100921f,0f,0f,0f,1f], start_interpolation: 0, interpolation_duration: 1 }
$data merge entity $(bone_left_cheek) { transformation: [-0.9979722595429608f,-0.009332280546537083f,0.06296251045279413f,0.2538359371981574f,-0.015069817070481752f,0.9957115519085361f,-0.09127653591891419f,1.6302459558964337f,-0.061840680754497696f,-0.0920402843090749f,-0.9938331430718764f,0.025190433885848774f,0f,0f,0f,1f], start_interpolation: 0, interpolation_duration: 1 }
$data merge entity $(bone_right_cheek) { transformation: [-0.9979722595429608f,-0.009332280546537083f,0.06296251045279413f,-0.24361355451687364f,-0.015069817070481752f,0.9957115519085361f,-0.09127653591891419f,1.6302459558964337f,-0.061840680754497696f,-0.0920402843090749f,-0.9938331430718764f,0.075628546384804f,0f,0f,0f,1f], start_interpolation: 0, interpolation_duration: 1 }
$data merge entity $(bone_floof) { transformation: [-0.9999534695373333f,-0.009481891536523145f,-0.001775526158399987f,0.014124884420157762f,-0.00906778036096911f,0.9866872610765769f,-0.16237618109971722f,1.5130095267927002f,0.003291522379503864f,-0.16235252557965507f,-0.9867273297716713f,0.1393076827664117f,0f,0f,0f,1f], start_interpolation: 0, interpolation_duration: 1 }
$data merge entity $(bone_eyes_default) { transformation: [-0.9948989834300621f,-0.009332280546537083f,-0.10044362254334409f,0f,0f,0.9957115519085361f,-0.09251219052586862f,1.5f,0.10087622499791045f,-0.0920402843090749f,-0.990632410783372f,0f,0f,0f,0f,1f], start_interpolation: 0, interpolation_duration: 1 }
$data merge entity $(bone_eyes_closed) { transformation: [-0.000009948989834300621f,-9.332280546537084e-8f,-0.000001004436225433441f,-0.025110905635836022f,0f,0.000009957115519085362f,-9.251219052586863e-7f,1.4768719523685327f,0.0000010087622499791046f,-9.204028430907492e-7f,-0.00000990632410783372f,-0.247658102695843f,0f,0f,0f,1f], start_interpolation: 0, interpolation_duration: 1 }
$data merge entity $(bone_head) { transformation: [-0.9948989834300621f,-0.009332280546537083f,-0.10044362254334409f,0f,0f,0.9957115519085361f,-0.09251219052586862f,1.5f,0.10087622499791045f,-0.0920402843090749f,-0.990632410783372f,0f,0f,0f,0f,1f], start_interpolation: 0, interpolation_duration: 1 }
$data merge entity $(bone_breast) { transformation: [-0.9993952350738887f,-0.008113325761348687f,-0.0338132822526445f,0.004383631805084909f,-5.421010862427522e-20f,0.9723994519421854f,-0.23332232182656137f,1.4396751176801512f,0.034773037135211064f,-0.23318121666984182f,-0.9718113788594809f,0.12598786586530403f,0f,0f,0f,1f], start_interpolation: 0, interpolation_duration: 1 }
$data merge entity $(bone_body) { transformation: [-0.9993952350738887f,-0.000602473788525534f,-0.03476781754641651f,0f,-5.421010862427522e-20f,0.9998498955160499f,-0.01732588919923451f,1.5f,0.034773037135211064f,-0.017315411109133125f,-0.9992452213678658f,0f,0f,0f,0f,1f], start_interpolation: 0, interpolation_duration: 1 }
$data merge entity $(bone_left_arm) { transformation: [-0.9954430015191523f,0f,-0.09535843290732496f,0.3125f,0f,1f,0f,1.3291180758017493f,0.09535843290732496f,0f,-0.9954430015191523f,-0.018749999999999965f,0f,0f,0f,1f], start_interpolation: 0, interpolation_duration: 1 }
$data merge entity $(bone_right_arm) { transformation: [-0.9957273865182f,0f,0.09234160350370325f,-0.3125f,0f,1f,0f,1.3310444444444445f,-0.09234160350370325f,0f,-0.9957273865182f,0.012499999999999963f,0f,0f,0f,1f], start_interpolation: 0, interpolation_duration: 1 }
$data merge entity $(bone_left_leg) { transformation: [-0.9923965194377007f,0f,-0.12308187603354687f,0.11874999850988388f,0f,1f,0f,0.75f,0.12308187603354687f,0f,-0.9923965194377007f,-0.006249999999999987f,0f,0f,0f,1f], start_interpolation: 0, interpolation_duration: 1 }
$data merge entity $(bone_right_leg) { transformation: [-0.9980901786752687f,0.0005839521007789752f,0.06177098211874299f,-0.11874999850988388f,0f,0.9999553186451218f,-0.009453079568743805f,0.75f,-0.06177374225324277f,-0.009435025875799037f,-0.998045582653795f,0.012499999999999989f,0f,0f,0f,1f], start_interpolation: 0, interpolation_duration: 1 }