# This file was generated by Animated Java via MC-Build. It is not recommended to edit this file directly.
$data merge entity $(bone_left_ear) { transformation: [-0.9933969040409986f,0.11054431616972951f,-0.030700899080091895f,-0.031954473258848655f,0.11409788021082816f,0.9799238942118835f,-0.16349567359417422f,1.722210570710286f,0.012011027148192382f,-0.16591900347815533f,-0.9860662348502058f,-0.3019982390732743f,0f,0f,0f,1f], start_interpolation: 0, interpolation_duration: 1 }
$data merge entity $(bone_right_ear) { transformation: [-0.9887778705335114f,-0.148585933979465f,-0.015509447658276276f,-0.031954473258848655f,-0.14490947753697103f,0.9791629285363065f,-0.14227158078887717f,1.722210570710286f,0.0363258318993086f,-0.13842752473281456f,-0.989706145445793f,-0.3019982390732743f,0f,0f,0f,1f], start_interpolation: 0, interpolation_duration: 1 }
$data merge entity $(bone_left_cheek) { transformation: [-0.999613497226866f,-0.009975465954476287f,0.02594891598632694f,0.25391203785553923f,-0.012374316851847708f,0.995496021999177f,-0.09399226811958632f,1.630362210480899f,-0.02489442596896839f,-0.09427703995568172f,-0.9952346996024959f,0.023782790218580444f,0f,0f,0f,1f], start_interpolation: 0, interpolation_duration: 1 }
$data merge entity $(bone_right_cheek) { transformation: [-0.999613497226866f,-0.009975465954476287f,0.02594891598632694f,-0.24331230133516737f,-0.012374316851847708f,0.995496021999177f,-0.09399226811958632f,1.630362210480899f,-0.02489442596896839f,-0.09427703995568172f,-0.9952346996024959f,0.07639416271887861f,0f,0f,0f,1f], start_interpolation: 0, interpolation_duration: 1 }
$data merge entity $(bone_floof) { transformation: [-0.9997939624918399f,-0.011110324508528346f,-0.01698803267540297f,0.014730303385114793f,-0.008262654091674109f,0.9871877490927241f,-0.15934891461381892f,1.513331717394754f,0.018540795889786008f,-0.15917571652282894f,-0.9870761521570751f,0.1392144895421769f,0f,0f,0f,1f], start_interpolation: 0, interpolation_duration: 1 }
$data merge entity $(bone_eyes_default) { transformation: [-0.9944486783814133f,-0.009975465954476287f,-0.10474882407192741f,0f,8.673617379884035e-19f,0.995496021999177f,-0.09480332369602938f,1.5f,0.10522274500059632f,-0.09427703995568172f,-0.9899697034110359f,0f,0f,0f,0f,1f], start_interpolation: 0, interpolation_duration: 1 }
$data merge entity $(bone_eyes_closed) { transformation: [-0.000009944486783814133f,-9.975465954476288e-8f,-0.0000010474882407192742f,-0.026187206017981853f,8.673617379884036e-24f,0.00000995496021999177f,-9.480332369602939e-7f,1.4762991690759926f,0.0000010522274500059632f,-9.427703995568173e-7f,-0.000009899697034110359f,-0.24749242585275896f,0f,0f,0f,1f], start_interpolation: 0, interpolation_duration: 1 }
$data merge entity $(bone_head) { transformation: [-0.9944486783814133f,-0.009975465954476287f,-0.10474882407192741f,0f,8.673617379884035e-19f,0.995496021999177f,-0.09480332369602938f,1.5f,0.10522274500059632f,-0.09427703995568172f,-0.9899697034110359f,0f,0f,0f,0f,1f], start_interpolation: 0, interpolation_duration: 1 }
$data merge entity $(bone_breast) { transformation: [-0.9994005527120452f,-0.008072428360988971f,-0.03366557795754205f,0.004364002506944932f,5.421010862427522e-20f,0.9724351999031343f,-0.23317328746953644f,1.4396557975865294f,0.03461986768979107f,-0.23303351237473935f,-0.9718522762598405f,0.125979294795619f,0f,0f,0f,1f], start_interpolation: 0, interpolation_duration: 1 }
$data merge entity $(bone_body) { transformation: [-0.9994005527120452f,-0.0005945148804617344f,-0.03461476261532859f,0f,5.421010862427522e-20f,0.999852539168889f,-0.017172650276680544f,1.5f,0.03461986768979107f,-0.017162356178045193f,-0.9992531802759295f,0f,0f,0f,0f,1f], start_interpolation: 0, interpolation_duration: 1 }
$data merge entity $(bone_left_arm) { transformation: [-0.9952380387037362f,0f,-0.097474336710441f,0.3125f,0f,1f,0f,1.3288201245900146f,0.097474336710441f,0f,-0.9952380387037362f,-0.018749999999999965f,0f,0f,0f,1f], start_interpolation: 0, interpolation_duration: 1 }
$data merge entity $(bone_right_arm) { transformation: [-0.9959003906853815f,0f,0.09045668484255048f,-0.3125f,0f,1f,0f,1.3316229166666667f,-0.09045668484255048f,0f,-0.9959003906853815f,0.012499999999999963f,0f,0f,0f,1f], start_interpolation: 0, interpolation_duration: 1 }
$data merge entity $(bone_left_leg) { transformation: [-0.9922196236932184f,0f,-0.12449987292398369f,0.11874999850988388f,0f,1f,0f,0.75f,0.12449987292398369f,0f,-0.9922196236932184f,-0.006249999999999987f,0f,0f,0f,1f], start_interpolation: 0, interpolation_duration: 1 }
$data merge entity $(bone_right_leg) { transformation: [-0.998178891243219f,0.00048258564171673964f,0.06032137421806932f,-0.11874999850988388f,-2.710505431213761e-20f,0.9999679995934174f,-0.007999986821179542f,0.75f,-0.06032330458834254f,-0.00798541797512536f,-0.9981469491128572f,0.012499999999999989f,0f,0f,0f,1f], start_interpolation: 0, interpolation_duration: 1 }