# This file was generated by Animated Java via MC-Build. It is not recommended to edit this file directly.
$data merge entity $(bone_left_ear) { transformation: [-0.992637545266647f,0.11101343437818942f,-0.048442967648199754f,-0.032876671804989245f,0.11717291486925212f,0.981424553357136f,-0.15190903228178765f,1.7216055053382564f,0.030679174500760145f,-0.156466812632282f,-0.9872066272045819f,-0.3023436570441045f,0f,0f,0f,1f], start_interpolation: 0, interpolation_duration: 1 }
$data merge entity $(bone_right_ear) { transformation: [-0.9882917451922f,-0.1482015774611533f,-0.036272838639697186f,-0.032876671804989245f,-0.14209757582199167f,0.9806125255493608f,-0.13493462743572368f,1.7216055053382564f,0.05556712454742517f,-0.1282004959964274f,-0.9901903491227335f,-0.3023436570441045f,0f,0f,0f,1f], start_interpolation: 0, interpolation_duration: 1 }
$data merge entity $(bone_left_cheek) { transformation: [-0.9998988556415023f,-0.010462683847080935f,-0.009633832753902977f,0.2539517785267836f,-0.009486602197876205f,0.9953052986729624f,-0.0963190885145019f,1.630462233296339f,0.010596360958055023f,-0.09621795404310587f,-0.9953038844765981f,0.022789248921697106f,0f,0f,0f,1f], start_interpolation: 0, interpolation_duration: 1 }
$data merge entity $(bone_right_cheek) { transformation: [-0.9998988556415023f,-0.010462683847080935f,-0.009633832753902977f,-0.24311811578045647f,-0.009486602197876205f,0.9953052986729624f,-0.0963190885145019f,1.630462233296339f,0.010596360958055023f,-0.09621795404310587f,-0.9953038844765981f,0.07684033747122776f,0f,0f,0f,1f], start_interpolation: 0, interpolation_duration: 1 }
$data merge entity $(bone_floof) { transformation: [-0.9994507458370611f,-0.012329245518498906f,-0.03076030478858685f,0.015130500421609504f,-0.007383154800871866f,0.9877282449721718f,-0.15600770208351797f,1.513610409664992f,0.03230627912540451f,-0.15569490611172193f,-0.9872767598500095f,0.139144584266664f,0f,0f,0f,1f], start_interpolation: 0, interpolation_duration: 1 }
$data merge entity $(bone_eyes_default) { transformation: [-0.99413978861448f,-0.010462683847080935f,-0.1075946696647787f,0f,0f,0.9953052986729624f,-0.09678513539549966f,1.5f,0.10810217709906132f,-0.09621795404310587f,-0.9894725992296107f,0f,0f,0f,0f,1f], start_interpolation: 0, interpolation_duration: 1 }
$data merge entity $(bone_eyes_closed) { transformation: [-0.000009941397886144802f,-1.0462683847080936e-7f,-0.000001075946696647787f,-0.026898667416194674f,0f,0.000009953052986729624f,-9.678513539549967e-7f,1.475803716151125f,0.0000010810217709906134f,-9.621795404310589e-7f,-0.000009894725992296108f,-0.24736814980740268f,0f,0f,0f,1f], start_interpolation: 0, interpolation_duration: 1 }
$data merge entity $(bone_head) { transformation: [-0.99413978861448f,-0.010462683847080935f,-0.1075946696647787f,0f,0f,0.9953052986729624f,-0.09678513539549966f,1.5f,0.10810217709906132f,-0.09621795404310587f,-0.9894725992296107f,0f,0f,0f,0f,1f], start_interpolation: 0, interpolation_duration: 1 }
$data merge entity $(bone_breast) { transformation: [-0.999407762792625f,-0.008016758553750709f,-0.033464238406559786f,0.004337252215794263f,5.421010862427522e-20f,0.9724838872086565f,-0.23297014641267028f,1.4396294667878622f,0.03441109806211081f,-0.2328321728237571f,-0.9719079460670789f,0.12596760283064348f,0f,0f,0f,1f], start_interpolation: 0, interpolation_duration: 1 }
$data merge entity $(bone_body) { transformation: [-0.999407762792625f,-0.0005837425246229545f,-0.03440614646404263f,0f,5.421010862427522e-20f,0.9998561046189447f,-0.016963786612369067f,1.5f,0.03441109806211081f,-0.01695374002675925f,-0.9992639526317683f,0f,0f,0f,0f,1f], start_interpolation: 0, interpolation_duration: 1 }
$data merge entity $(bone_left_arm) { transformation: [-0.9950258066471646f,0f,-0.09961748895730833f,0.3125f,0f,1f,0f,1.328515625f,0.09961748895730833f,0f,-0.9950258066471646f,-0.018749999999999965f,0f,0f,0f,1f], start_interpolation: 0, interpolation_duration: 1 }
$data merge entity $(bone_right_arm) { transformation: [-0.9960695908084918f,0f,0.08857409478286425f,-0.3125f,0f,1f,0f,1.3322f,-0.08857409478286425f,0f,-0.9960695908084918f,0.01249999999999996f,0f,0f,0f,1f], start_interpolation: 0, interpolation_duration: 1 }
$data merge entity $(bone_left_leg) { transformation: [-0.991982908695487f,0f,-0.12637210473851035f,0.11874999850988388f,0f,1f,0f,0.75f,0.12637210473851035f,0f,-0.991982908695487f,-0.006249999999999987f,0f,0f,0f,1f], start_interpolation: 0, interpolation_duration: 1 }
$data merge entity $(bone_right_leg) { transformation: [-0.9982645825433144f,0.0003864475618963362f,0.058886958640298026f,-0.11874999850988388f,-2.710505431213761e-20f,0.9999784672811068f,-0.006562390885053581f,0.75f,-0.0588882266639289f,-0.006551002397354064f,-0.9982430871926775f,0.012499999999999989f,0f,0f,0f,1f], start_interpolation: 0, interpolation_duration: 1 }