# This file was generated by Animated Java via MC-Build. It is not recommended to edit this file directly.
$data merge entity $(bone_left_ear) { transformation: [-0.9915732733635733f,0.11214319522922615f,-0.06485635909321469f,-0.033393364402620425f,0.12030443348611394f,0.9828312982266321f,-0.13989096650512609f,1.7211058618324595f,0.04805503963824733f,-0.14651465111016304f,-0.9880405711181265f,-0.302652678126593f,0f,0f,0f,1f], start_interpolation: 0, interpolation_duration: 1 }
$data merge entity $(bone_right_ear) { transformation: [-0.9875427840004767f,-0.14715737954636568f,-0.055713152967990016f,-0.033393364402620425f,-0.13916761716358836f,0.9820697938980695f,-0.12716640376299232f,1.7211058618324595f,0.0734276793967826f,-0.11782879766020848f,-0.9903154802083793f,-0.302652678126593f,0f,0f,0f,1f], start_interpolation: 0, interpolation_duration: 1 }
$data merge entity $(bone_left_cheek) { transformation: [-0.9989778265377198f,-0.010793639324323352f,-0.043895323624615665f,0.25396390780149475f,-0.00643692354480124f,0.9951450454114771f,-0.09820847523644594f,1.630544330569859f,0.04474224068206356f,-0.09782553829714229f,-0.9941973123860387f,0.022175691426903794f,0f,0f,0f,1f], start_interpolation: 0, interpolation_duration: 1 }
$data merge entity $(bone_right_cheek) { transformation: [-0.9989778265377198f,-0.010793639324323352f,-0.043895323624615665f,-0.24302011560078018f,-0.00643692354480124f,0.9951450454114771f,-0.09820847523644594f,1.630544330569859f,0.04474224068206356f,-0.09782553829714229f,-0.9941973123860387f,0.07701072113316951f,0f,0f,0f,1f], start_interpolation: 0, interpolation_duration: 1 }
$data merge entity $(bone_floof) { transformation: [-0.9989778265377198f,-0.013170520646966413f,-0.04324164048531408f,0.015347477285769795f,-0.00643692354480124f,0.9883114576868164f,-0.15231227337361344f,1.513840199760205f,0.04474224068206356f,-0.15187824067603561f,-0.9873860095767514f,0.13909814677615373f,0f,0f,0f,1f], start_interpolation: 0, interpolation_duration: 1 }
$data merge entity $(bone_eyes_default) { transformation: [-0.9939680468045499f,-0.010793639324323352f,-0.10913761625436298f,0f,8.673617379884035e-19f,0.9951450454114771f,-0.09841919829479019f,1.5f,0.10967005941253143f,-0.09782553829714229f,-0.989142377074871f,0f,0f,0f,0f,1f], start_interpolation: 0, interpolation_duration: 1 }
$data merge entity $(bone_eyes_closed) { transformation: [-0.0000099396804680455f,-1.0793639324323352e-7f,-0.00000109137616254363f,-0.027284404063590745f,8.673617379884036e-24f,0.00000995145045411477f,-9.84191982947902e-7f,1.4753952004263025f,0.0000010967005941253143f,-9.782553829714229e-7f,-0.00000989142377074871f,-0.24728559426871774f,0f,0f,0f,1f], start_interpolation: 0, interpolation_duration: 1 }
$data merge entity $(bone_head) { transformation: [-0.9939680468045499f,-0.010793639324323352f,-0.10913761625436298f,0f,8.673617379884035e-19f,0.9951450454114771f,-0.09841919829479019f,1.5f,0.10967005941253143f,-0.09782553829714229f,-0.989142377074871f,0f,0f,0f,0f,1f], start_interpolation: 0, interpolation_duration: 1 }
$data merge entity $(bone_breast) { transformation: [-0.9994167187219787f,-0.007947253350723257f,-0.03321239984061295f,0.0043038037694463375f,0f,0.9725447183963855f,-0.2327160731863945f,1.439596539810055f,0.034149997642654806f,-0.23258033425781025f,-0.9719774512701063f,0.12595296451531351f,0f,0f,0f,1f], start_interpolation: 0, interpolation_duration: 1 }
$data merge entity $(bone_body) { transformation: [-0.9994167187219787f,-0.0005703927144214506f,-0.03414523379835997f,0f,0f,0.9998605023536257f,-0.0167025696572525f,1.5f,0.034149997642654806f,-0.016692827361076575f,-0.9992773024419698f,0f,0f,0f,0f,1f], start_interpolation: 0, interpolation_duration: 1 }
$data merge entity $(bone_left_arm) { transformation: [-0.9948079481425438f,0f,-0.10177006589573312f,0.3125f,0f,1f,0f,1.3282071394405977f,0.10177006589573312f,0f,-0.9948079481425438f,-0.018749999999999965f,0f,0f,0f,1f], start_interpolation: 0, interpolation_duration: 1 }
$data merge entity $(bone_right_arm) { transformation: [-0.9962339622938853f,0f,0.08670578050064195f,-0.3125f,0f,1f,0f,1.3327715277777779f,-0.08670578050064195f,0f,-0.9962339622938853f,0.01249999999999996f,0f,0f,0f,1f], start_interpolation: 0, interpolation_duration: 1 }
$data merge entity $(bone_left_leg) { transformation: [-0.9916922232381923f,0f,-0.12863333303965727f,0.11874999850988388f,0f,1f,0f,0.75f,0.12863333303965727f,0f,-0.9916922232381923f,-0.006249999999999987f,0f,0f,0f,1f], start_interpolation: 0, interpolation_duration: 1 }
$data merge entity $(bone_right_leg) { transformation: [-0.9983455355719154f,0.0002973484397608712f,0.057498723355660156f,-0.11874999850988388f,2.710505431213761e-20f,0.9999866286204258f,-0.005171322882471385f,0.75f,-0.05749949220319574f,-0.005162767112716196f,-0.998332186314813f,0.012499999999999989f,0f,0f,0f,1f], start_interpolation: 0, interpolation_duration: 1 }