# This file was generated by Animated Java via MC-Build. It is not recommended to edit this file directly.
$data merge entity $(bone_left_ear) { transformation: [-0.9902622537404753f,0.11387824966883349f,-0.0800775441006867f,-0.0335490680372752f,0.12347599249235595f,0.9841354349002496f,-0.1274014326910192f,1.720723842787955f,0.06429889652911824f,-0.1360484841005568f,-0.9886134036513354f,-0.3029141920721913f,0f,0f,0f,1f], start_interpolation: 0, interpolation_duration: 1 }
$data merge entity $(bone_right_ear) { transformation: [-0.9865883684110622f,-0.1455055112300725f,-0.07396984194706208f,-0.0335490680372752f,-0.13613748888457333f,0.9835261111831956f,-0.11892423109300818f,1.720723842787955f,0.09005540203786103f,-0.10725919458272923f,-0.990144176239634f,-0.3029141920721913f,0f,0f,0f,1f], start_interpolation: 0, interpolation_duration: 1 }
$data merge entity $(bone_left_cheek) { transformation: [-0.9969742560049111f,-0.01097147836543553f,-0.07695426905592083f,0.25395503468113456f,-0.0032610155630573615f,0.9950208402067733f,-0.0996137205996469f,1.6306067977511218f,0.07766401123398001f,-0.09906136591367896f,-0.9920459400362287f,0.021907869392099426f,0f,0f,0f,1f], start_interpolation: 0, interpolation_duration: 1 }
$data merge entity $(bone_right_cheek) { transformation: [-0.9969742560049111f,-0.01097147836543553f,-0.07695426905592083f,-0.24300626051875288f,-0.0032610155630573615f,0.9950208402067733f,-0.0996137205996469f,1.6306067977511218f,0.07766401123398001f,-0.09906136591367896f,-0.9920459400362287f,0.07694850050449041f,0f,0f,0f,1f], start_interpolation: 0, interpolation_duration: 1 }
$data merge entity $(bone_floof) { transformation: [-0.9984157516623277f,-0.01366616427267036f,-0.05458225706785839f,0.015403099222958157f,-0.005433301392407537f,0.9889391342038906f,-0.1482223602431115f,1.5140156836318692f,0.05600416117154735f,-0.1476909773619629f,-0.9874466614138403f,0.13907442529688577f,0f,0f,0f,1f], start_interpolation: 0, interpolation_duration: 1 }
$data merge entity $(bone_eyes_default) { transformation: [-0.9939225903997749f,-0.01097147836543553f,-0.10953315002992467f,0f,-8.673617379884035e-19f,0.9950208402067733f,-0.09966708360440281f,1.5f,0.11008126222478196f,-0.09906136591367896f,-0.9889736910000766f,0f,0f,0f,0f,1f], start_interpolation: 0, interpolation_duration: 1 }
$data merge entity $(bone_eyes_closed) { transformation: [-0.00000993922590399775f,-1.0971478365435531e-7f,-0.0000010953315002992468f,-0.027383287507481167f,-8.673617379884036e-24f,0.000009950208402067733f,-9.966708360440281e-7f,1.4750832290988993f,0.0000011008126222478196f,-9.906136591367897e-7f,-0.000009889736910000766f,-0.24724342275001915f,0f,0f,0f,1f], start_interpolation: 0, interpolation_duration: 1 }
$data merge entity $(bone_head) { transformation: [-0.9939225903997749f,-0.01097147836543553f,-0.10953315002992467f,0f,-8.673617379884035e-19f,0.9950208402067733f,-0.09966708360440281f,1.5f,0.11008126222478196f,-0.09906136591367896f,-0.9889736910000766f,0f,0f,0f,0f,1f], start_interpolation: 0, interpolation_duration: 1 }
$data merge entity $(bone_breast) { transformation: [-0.9994272687506494f,-0.00786485972551422f,-0.03291319582044861f,0.004264080592324188f,0f,0.9726168929835733f,-0.23241424113633877f,1.439557431492614f,0.03383983566179379f,-0.2322811302376459f,-0.9720598448953154f,0.12593555307748533f,0f,0f,0f,1f], start_interpolation: 0, interpolation_duration: 1 }
$data merge entity $(bone_body) { transformation: [-0.9994272687506494f,-0.0005547117497308309f,-0.03383528886372809f,0f,0f,0.9998656377025245f,-0.01639227079217519f,1.5f,0.03383983566179379f,-0.016382882426444697f,-0.9992929834066604f,0f,0f,0f,0f,1f], start_interpolation: 0, interpolation_duration: 1 }
$data merge entity $(bone_left_arm) { transformation: [-0.9945862591109236f,0f,-0.10391425882783756f,0.3125f,0f,1f,0f,1.3278972303206997f,0.10391425882783756f,0f,-0.9945862591109236f,-0.018749999999999965f,0f,0f,0f,1f], start_interpolation: 0, interpolation_duration: 1 }
$data merge entity $(bone_right_arm) { transformation: [-0.9963925697069017f,0f,0.08486369679007007f,-0.3125f,0f,1f,0f,1.3333333333333333f,-0.08486369679007007f,0f,-0.9963925697069017f,0.01249999999999996f,0f,0f,0f,1f], start_interpolation: 0, interpolation_duration: 1 }
$data merge entity $(bone_left_leg) { transformation: [-0.9913534952995487f,0f,-0.13121831944270432f,0.11874999850988388f,0f,1f,0f,0.75f,0.13121831944270432f,0f,-0.9913534952995487f,-0.006249999999999987f,0f,0f,0f,1f], start_interpolation: 0, interpolation_duration: 1 }
$data merge entity $(bone_right_leg) { transformation: [-0.9984202011480627f,0.00021676324463517377f,0.05618767616798016f,-0.11874999850988388f,0f,0.9999925586059702f,-0.003857814495947884f,0.75f,-0.05618809428572952f,-0.0038517199250361982f,-0.9984127715099387f,0.012499999999999989f,0f,0f,0f,1f], start_interpolation: 0, interpolation_duration: 1 }