# This file was generated by Animated Java via MC-Build. It is not recommended to edit this file directly.
$data merge entity $(bone_left_ear) { transformation: [-0.988748318802246f,0.1161662399036738f,-0.09424524800951146f,-0.033388902390697583f,0.12666860250555673f,0.9853260879237329f,-0.11440089858126662f,1.7204715988786499f,0.07957277929682664f,-0.12505160999984805f,-0.9889541281735085f,-0.30311551887858884f,0f,0f,0f,1f], start_interpolation: 0, interpolation_duration: 1 }
$data merge entity $(bone_right_ear) { transformation: [-0.9854705886152453f,-0.14329380837513125f,-0.09118444744403119f,-0.033388902390697583f,-0.1330275736199928f,0.9849706134282222f,-0.11016603532672398f,1.7204715988786499f,0.1056001118896164f,-0.09643534188347536f,-0.9897215978267412f,-0.30311551887858884f,0f,0f,0f,1f], start_interpolation: 0, interpolation_duration: 1 }
$data merge entity $(bone_left_cheek) { transformation: [-0.9939878804868139f,-0.01100270316636442f,-0.10893591679682303f,0.25393012702570933f,-8.673617379884035e-19f,0.9949380335377552f,-0.1004903449094716f,1.6306479007490613f,0.10949015227558813f,-0.09988618494595457f,-0.9889563471719118f,0.021951460511103138f,0f,0f,0f,1f], start_interpolation: 0, interpolation_duration: 1 }
$data merge entity $(bone_right_cheek) { transformation: [-0.9939878804868139f,-0.01100270316636442f,-0.10893591679682303f,-0.24306381321769757f,-8.673617379884035e-19f,0.9949380335377552f,-0.1004903449094716f,1.6306479007490613f,0.10949015227558813f,-0.09988618494595457f,-0.9889563471719118f,0.0766965366488972f,0f,0f,0f,1f], start_interpolation: 0, interpolation_duration: 1 }
$data merge entity $(bone_floof) { transformation: [-0.9977935422270302f,-0.013848214411912408f,-0.06493284259631199f,0.015319113299553239f,-0.004383327281082463f,0.9896119176652685f,-0.14369773434823804f,1.5141314547528943f,0.06624827191695379f,-0.1430960494649366f,-0.9874890820133384f,0.1390719863210501f,0f,0f,0f,1f], start_interpolation: 0, interpolation_duration: 1 }
$data merge entity $(bone_eyes_default) { transformation: [-0.9939878804868139f,-0.01100270316636442f,-0.10893591679682303f,0f,-8.673617379884035e-19f,0.9949380335377552f,-0.1004903449094716f,1.5f,0.10949015227558813f,-0.09988618494595457f,-0.9889563471719118f,0f,0f,0f,0f,1f], start_interpolation: 0, interpolation_duration: 1 }
$data merge entity $(bone_eyes_closed) { transformation: [-0.00000993987880486814f,-1.100270316636442e-7f,-0.0000010893591679682303f,-0.027233979199205758f,-8.673617379884036e-24f,0.000009949380335377553f,-0.000001004903449094716f,1.4748774137726322f,0.0000010949015227558813f,-9.988618494595457e-7f,-0.00000988956347171912f,-0.24723908679297796f,0f,0f,0f,1f], start_interpolation: 0, interpolation_duration: 1 }
$data merge entity $(bone_head) { transformation: [-0.9939878804868139f,-0.01100270316636442f,-0.10893591679682303f,0f,-8.673617379884035e-19f,0.9949380335377552f,-0.1004903449094716f,1.5f,0.10949015227558813f,-0.09988618494595457f,-0.9889563471719118f,0f,0f,0f,0f,1f], start_interpolation: 0, interpolation_duration: 1 }
$data merge entity $(bone_breast) { transformation: [-0.999439257632069f,-0.007770531422183683f,-0.03256975813965778f,0.004218506513394709f,-5.421010862427522e-20f,0.9726996070796053f,-0.23206782281734228f,1.4395125568893798f,0.03348388125440282f,-0.2319376925568551f,-0.9721541731986458f,0.12591554085471715f,0f,0f,0f,1f], start_interpolation: 0, interpolation_duration: 1 }
$data merge entity $(bone_body) { transformation: [-0.999439257632069f,-0.0005369529228729918f,-0.033479575645721175f,0f,-5.421010862427522e-20f,0.9998714124969884f,-0.016036161363533304f,1.5f,0.03348388125440282f,-0.016027169208437792f,-0.9993107422335182f,0f,0f,0f,0f,1f], start_interpolation: 0, interpolation_duration: 1 }
$data merge entity $(bone_left_arm) { transformation: [-0.9943626886949106f,0f,-0.10603227495167791f,0.3125f,0f,1f,0f,1.3275884600491983f,0.10603227495167791f,0f,-0.9943626886949106f,-0.018749999999999965f,0f,0f,0f,1f], start_interpolation: 0, interpolation_duration: 1 }
$data merge entity $(bone_right_arm) { transformation: [-0.99654456434216f,0f,0.08305980544219006f,-0.3125f,0f,1f,0f,1.33388125f,-0.08305980544219006f,0f,-0.99654456434216f,0.01249999999999996f,0f,0f,0f,1f], start_interpolation: 0, interpolation_duration: 1 }
$data merge entity $(bone_left_leg) { transformation: [-0.990972965887965f,0f,-0.13406185467615364f,0.11874999850988388f,0f,1f,0f,0.75f,0.13406185467615364f,0f,-0.990972965887965f,-0.006249999999999987f,0f,0f,0f,1f], start_interpolation: 0, interpolation_duration: 1 }
$data merge entity $(bone_right_leg) { transformation: [-0.9984871787190959f,0.0001458696503226651f,0.05498484023460786f,-0.11874999850988388f,0f,0.9999964810616304f,-0.0026528973512329047f,0.75f,-0.05498503372355278f,-0.0026488839916639054f,-0.9984836651042512f,0.012499999999999989f,0f,0f,0f,1f], start_interpolation: 0, interpolation_duration: 1 }