# This file was generated by Animated Java via MC-Build. It is not recommended to edit this file directly.
$data merge entity $(bone_left_ear) { transformation: [-0.9870626666053647f,0.11895826193040165f,-0.10749987959251271f,-0.0329585845968222f,0.12986071636260457f,0.986390070392688f,-0.10085050013013923f,1.7203611946950885f,0.09403981358817098f,-0.11350577495971734f,-0.9890768183063923f,-0.3032428697825019f,0f,0f,0f,1f], start_interpolation: 0, interpolation_duration: 1 }
$data merge entity $(bone_right_ear) { transformation: [-0.98421798559976f,-0.1405657593781136f,-0.10749987959251271f,-0.0329585845968222f,-0.12986071636260457f,0.986390070392688f,-0.10085050013013923f,1.7203611946950885f,0.12021294093291965f,-0.08529886471203654f,-0.9890768183063923f,-0.3032428697825019f,0f,0f,0f,1f], start_interpolation: 0, interpolation_duration: 1 }
$data merge entity $(bone_left_cheek) { transformation: [-0.9941453776227103f,-0.010896973845712f,-0.10749987959251271f,0.2538929651494956f,0f,0.9949015914267606f,-0.10085050013013923f,1.6306658551864788f,0.10805076654702113f,-0.10026005853531646f,-0.9890768183063923f,0.022272102190479676f,0f,0f,0f,1f], start_interpolation: 0, interpolation_duration: 1 }
$data merge entity $(bone_right_cheek) { transformation: [-0.9941453776227103f,-0.010896973845712f,-0.10749987959251271f,-0.24317972366185953f,0f,0.9949015914267606f,-0.10085050013013923f,1.6306658551864788f,0.10805076654702113f,-0.10026005853531646f,-0.9890768183063923f,0.07629748546399025f,0f,0f,0f,1f], start_interpolation: 0, interpolation_duration: 1 }
$data merge entity $(bone_floof) { transformation: [-0.9978882503974659f,-0.013679706615492197f,-0.06349728612782218f,0.0151171705676971f,-0.004399037031164412f,0.9895598154412077f,-0.14405561473667555f,1.5141821015808008f,0.06480500128757738f,-0.14347207843645782f,-0.987530290430243f,0.1390889275743364f,0f,0f,0f,1f], start_interpolation: 0, interpolation_duration: 1 }
$data merge entity $(bone_eyes_default) { transformation: [-0.9941453776227103f,-0.010896973845712f,-0.10749987959251271f,0f,0f,0.9949015914267606f,-0.10085050013013923f,1.5f,0.10805076654702113f,-0.10026005853531646f,-0.9890768183063923f,0f,0f,0f,0f,1f], start_interpolation: 0, interpolation_duration: 1 }
$data merge entity $(bone_eyes_closed) { transformation: [-0.000009941453776227103f,-1.0896973845712001e-7f,-0.0000010749987959251271f,-0.026874969898128178f,0f,0.000009949015914267607f,-0.0000010085050013013923f,1.4747873749674651f,0.0000010805076654702113f,-0.0000010026005853531647f,-0.000009890768183063923f,-0.24726920457659807f,0f,0f,0f,1f], start_interpolation: 0, interpolation_duration: 1 }
$data merge entity $(bone_head) { transformation: [-0.9941453776227103f,-0.010896973845712f,-0.10749987959251271f,0f,0f,0.9949015914267606f,-0.10085050013013923f,1.5f,0.10805076654702113f,-0.10026005853531646f,-0.9890768183063923f,0f,0f,0f,0f,1f], start_interpolation: 0, interpolation_duration: 1 }
$data merge entity $(bone_breast) { transformation: [-0.9994525281742636f,-0.0076652259685947525f,-0.0321852176771148f,0.004167505595621915f,0f,0.9727920548945898f,-0.23167999036162196f,1.4394623311756098f,0.033085403519873866f,-0.23155315209431207f,-0.9722594786522348f,0.12589309969342613f,0f,0f,0f,1f], start_interpolation: 0, interpolation_duration: 1 }
$data merge entity $(bone_body) { transformation: [-0.9994525281742636f,-0.0005173734182625487f,-0.03308135805584404f,0f,0f,0.999877726622636f,-0.015637512716197368f,1.5f,0.033085403519873866f,-0.015628951618560653f,-0.9993303217381286f,0f,0f,0f,0f,1f], start_interpolation: 0, interpolation_duration: 1 }
$data merge entity $(bone_left_arm) { transformation: [-0.9941393361671148f,0f,-0.10810633785864894f,0.3125f,0f,1f,0f,1.3272833910349855f,0.10810633785864894f,0f,-0.9941393361671148f,-0.018749999999999965f,0f,0f,0f,1f], start_interpolation: 0, interpolation_duration: 1 }
$data merge entity $(bone_right_arm) { transformation: [-0.9966891803585922f,0f,0.08130607453393361f,-0.3125f,0f,1f,0f,1.3344111111111112f,-0.08130607453393361f,0f,-0.9966891803585922f,0.01249999999999996f,0f,0f,0f,1f], start_interpolation: 0, interpolation_duration: 1 }
$data merge entity $(bone_left_leg) { transformation: [-0.9905573800893929f,0f,-0.13709878464245412f,0.11874999850988388f,0f,1f,0f,0.75f,0.13709878464245412f,0f,-0.9905573800893929f,-0.006249999999999987f,0f,0f,0f,1f], start_interpolation: 0, interpolation_duration: 1 }
$data merge entity $(bone_right_leg) { transformation: [-0.9985451875432354f,0.00008560561962045717f,0.053921249113152936f,-0.11874999850988388f,0f,0.9999987397583027f,-0.0015876025341520546f,0.75f,-0.053921317067045074f,-0.0015852928702089794f,-0.9985439291349534f,0.012499999999999989f,0f,0f,0f,1f], start_interpolation: 0, interpolation_duration: 1 }