# This file was generated by Animated Java via MC-Build. It is not recommended to edit this file directly.
$data merge entity $(bone_left_ear) { transformation: [-0.9872602569399578f,0.11805987033965476f,-0.10667263980155427f,-0.03230439752344325f,0.12986258707600343f,0.9852470506303483f,-0.11146280860505492f,1.7204045712117713f,0.0919396190158283f,-0.12389558603753237f,-0.9880268165468186f,-0.30328173929467395f,0f,0f,0f,1f], start_interpolation: 0, interpolation_duration: 1 }
$data merge entity $(bone_right_ear) { transformation: [-0.9844756649403616f,-0.14150864441109184f,-0.1038410742296508f,-0.03230439752344325f,-0.12986258707600343f,0.9852470506303483f,-0.11146280860505492f,1.7204045712117713f,0.11808206306700482f,-0.09624735207336796f,-0.9883284239566851f,-0.30328173929467395f,0f,0f,0f,1f], start_interpolation: 0, interpolation_duration: 1 }
$data merge entity $(bone_left_cheek) { transformation: [-0.994374976712348f,-0.010666793967687906f,-0.10537848544540898f,0.25384655027246406f,0f,0.9949159235187879f,-0.10070901215262443f,1.6306588036993874f,0.10591697544925163f,-0.10014252161398948f,-0.9893194982797389f,0.02283540957842209f,0f,0f,0f,1f], start_interpolation: 0, interpolation_duration: 1 }
$data merge entity $(bone_right_cheek) { transformation: [-0.994374976712348f,-0.010666793967687906f,-0.10537848544540898f,-0.2433409380837099f,0f,0.9949159235187879f,-0.10070901215262443f,1.6306588036993874f,0.10591697544925163f,-0.10014252161398948f,-0.9893194982797389f,0.0757938973030479f,0f,0f,0f,1f], start_interpolation: 0, interpolation_duration: 1 }
$data merge entity $(bone_floof) { transformation: [-0.9980250970465883f,-0.013356863129505653f,-0.06137996311898398f,0.014818849515760638f,-0.004392865412265656f,0.9895802996371442f,-0.14391502111847004f,1.514162204833963f,0.06266265553436035f,-0.14336116900123133f,-0.9876846494828107f,0.13912305444558828f,0f,0f,0f,1f], start_interpolation: 0, interpolation_duration: 1 }
$data merge entity $(bone_eyes_default) { transformation: [-0.994374976712348f,-0.010666793967687906f,-0.10537848544540898f,0f,0f,0.9949159235187879f,-0.10070901215262443f,1.5f,0.10591697544925163f,-0.10014252161398948f,-0.9893194982797389f,0f,0f,0f,0f,1f], start_interpolation: 0, interpolation_duration: 1 }
$data merge entity $(bone_eyes_closed) { transformation: [-0.000009943749767123481f,-1.0666793967687907e-7f,-0.00000105378485445409f,-0.026344621361352245f,0f,0.00000994915923518788f,-0.0000010070901215262443f,1.4748227469618438f,0.0000010591697544925163f,-0.000001001425216139895f,-0.00000989319498279739f,-0.24732987456993472f,0f,0f,0f,1f], start_interpolation: 0, interpolation_duration: 1 }
$data merge entity $(bone_head) { transformation: [-0.994374976712348f,-0.010666793967687906f,-0.10537848544540898f,0f,0f,0.9949159235187879f,-0.10070901215262443f,1.5f,0.10591697544925163f,-0.10014252161398948f,-0.9893194982797389f,0f,0f,0f,0f,1f], start_interpolation: 0, interpolation_duration: 1 }
$data merge entity $(bone_breast) { transformation: [-0.9994669226845887f,-0.007549901894600455f,-0.031762705186747564f,0.0041115019766606534f,-5.421010862427522e-20f,0.9728934301441516f,-0.2312539158205688f,1.4394071695613424f,0.03264767157697975f,-0.23113063960394484f,-0.9723748027262291f,0.1258684013202996f,0f,0f,0f,1f], start_interpolation: 0, interpolation_duration: 1 }
$data merge entity $(bone_body) { transformation: [-0.9994669226845887f,-0.0004962314255962239f,-0.032643900100487115f,0f,-5.421010862427522e-20f,0.9998844794648295f,-0.015199596223153696f,1.5f,0.03264767157697975f,-0.015191493663203721f,-0.999351463730795f,0f,0f,0f,0f,1f], start_interpolation: 0, interpolation_duration: 1 }
$data merge entity $(bone_left_arm) { transformation: [-0.9939184446585762f,0f,-0.11011868763964108f,0.3125f,0f,1f,0f,1.3269845856869533f,0.11011868763964108f,0f,-0.9939184446585762f,-0.018749999999999965f,0f,0f,0f,1f], start_interpolation: 0, interpolation_duration: 1 }
$data merge entity $(bone_right_arm) { transformation: [-0.9968257294780151f,0f,0.07961447764460443f,-0.3125f,0f,1f,0f,1.33491875f,-0.07961447764460443f,0f,-0.9968257294780151f,0.01249999999999996f,0f,0f,0f,1f], start_interpolation: 0, interpolation_duration: 1 }
$data merge entity $(bone_left_leg) { transformation: [-0.9901141353189408f,0f,-0.14026403331441098f,0.11874999850988388f,0f,1f,0f,0.75f,0.14026403331441098f,0f,-0.9901141353189408f,-0.006249999999999987f,0f,0f,0f,1f], start_interpolation: 0, interpolation_duration: 1 }
$data merge entity $(bone_right_leg) { transformation: [-0.9985930282466935f,0.000036746267087705715f,0.05302794156678317f,-0.11874999850988388f,0f,0.999999759902983f,-0.0006929602994066535f,0.75f,-0.053027954298636826f,-0.0006919853238392255f,-0.9985927884874861f,0.012499999999999989f,0f,0f,0f,1f], start_interpolation: 0, interpolation_duration: 1 }