# This file was generated by Animated Java via MC-Build. It is not recommended to edit this file directly.
$data merge entity $(bone_left_ear) { transformation: [-0.9913532798633959f,0.13092262885869269f,-0.00882834960885163f,-0.002381723613971228f,0.13038906256080648f,0.990403258200623f,0.04582661355701627f,1.7626260872814337f,0.014743366935716824f,0.04427924342532322f,-0.998910397249463f,-0.26948734324986673f,0f,0f,0f,1f], start_interpolation: 0, interpolation_duration: 1 }
$data merge entity $(bone_right_ear) { transformation: [-0.9914590057799473f,-0.13011956079322642f,-0.00882834960885163f,-0.002381723613971228f,-0.13038906256080648f,0.990403258200623f,0.04582661355701627f,1.7626260872814337f,0.0027806873884609782f,0.04658632894495843f,-0.998910397249463f,-0.26948734324986673f,0f,0f,0f,1f], start_interpolation: 0, interpolation_duration: 1 }
$data merge entity $(bone_left_cheek) { transformation: [-0.9999609473470011f,0.0004049988540731719f,-0.00882834960885163f,0.25059263354406264f,0f,0.998949408874091f,0.04582661355701627f,1.6220045127619478f,0.008837634349072794f,0.04582482390617891f,-0.998910397249463f,0.0659505942290956f,0f,0f,0f,1f], start_interpolation: 0, interpolation_duration: 1 }
$data merge entity $(bone_right_cheek) { transformation: [-0.9999609473470011f,0.0004049988540731719f,-0.00882834960885163f,-0.24938784012943793f,0f,0.998949408874091f,0.04582661355701627f,1.6220045127619478f,0.008837634349072794f,0.04582482390617891f,-0.998910397249463f,0.070369411403632f,0f,0f,0f,1f], start_interpolation: 0, interpolation_duration: 1 }
$data merge entity $(bone_floof) { transformation: [-0.9999609473470011f,-0.0011341808099313232f,-0.00876455445406638f,0.0012414866637447605f,0f,0.9917308306589895f,-0.12833534010719921f,1.4935556324685446f,0.008837634349072794f,-0.12833032827169455f,-0.9916921009389917f,0.14047177461320573f,0f,0f,0f,1f], start_interpolation: 0, interpolation_duration: 1 }
$data merge entity $(bone_eyes_default) { transformation: [-0.9999609473470011f,0.0004049988540731719f,-0.00882834960885163f,0f,0f,0.998949408874091f,0.04582661355701627f,1.5f,0.008837634349072794f,0.04582482390617891f,-0.998910397249463f,0f,0f,0f,0f,1f], start_interpolation: 0, interpolation_duration: 1 }
$data merge entity $(bone_eyes_closed) { transformation: [-0.000009999609473470013f,4.0499885407317195e-9f,-8.82834960885163e-8f,-0.0022070874022129074f,0f,0.000009989494088740911f,4.582661355701627e-7f,1.5114566533892542f,8.837634349072794e-8f,4.5824823906178913e-7f,-0.000009989103972494631f,-0.24972759931236574f,0f,0f,0f,1f], start_interpolation: 0, interpolation_duration: 1 }
$data merge entity $(bone_head) { transformation: [-0.9999609473470011f,0.0004049988540731719f,-0.00882834960885163f,0f,0f,0.998949408874091f,0.04582661355701627f,1.5f,0.008837634349072794f,0.04582482390617891f,-0.998910397249463f,0f,0f,0f,0f,1f], start_interpolation: 0, interpolation_duration: 1 }
$data merge entity $(bone_breast) { transformation: [-0.999834325625595f,-0.0039530103802763745f,-0.01776780824257875f,0.002276131703751418f,-1.6940658945086007e-21f,0.9761334145333418f,-0.21717172244903124f,1.4375937608371843f,0.01820223340174557f,-0.21713574265977606f,-0.9759716942405532f,0.12502611942318542f,0f,0f,0f,1f], start_interpolation: 0, interpolation_duration: 1 }
$data merge entity $(bone_body) { transformation: [-0.999834325625595f,-0.000013650693817487447f,-0.0182022282831026f,0f,-1.6940658945086007e-21f,0.9999997187903895f,-0.0007499460926689559f,1.5f,0.01820223340174557f,-0.0007498218458192156f,-0.9998340444625737f,0f,0f,0f,0f,1f], start_interpolation: 0, interpolation_duration: 1 }
$data merge entity $(bone_left_arm) { transformation: [-0.9932618347899707f,0f,-0.115891878704511f,0.3125f,0f,1f,0f,1.3258246527777777f,0.115891878704511f,0f,-0.9932618347899707f,-0.018749999999999965f,0f,0f,0f,1f], start_interpolation: 0, interpolation_duration: 1 }
$data merge entity $(bone_right_arm) { transformation: [-0.9970259114907425f,0f,0.07706706051260907f,-0.3125f,0f,1f,0f,1.3355068701638597f,-0.07706706051260907f,0f,-0.9970259114907425f,0.012499999999999964f,0f,0f,0f,1f], start_interpolation: 0, interpolation_duration: 1 }
$data merge entity $(bone_left_leg) { transformation: [-0.9916922232381923f,0f,-0.12863333303965727f,0.11874999850988388f,0f,1f,0f,0.75f,0.12863333303965727f,0f,-0.9916922232381923f,-0.006249999999999987f,0f,0f,0f,1f], start_interpolation: 0, interpolation_duration: 1 }
$data merge entity $(bone_right_leg) { transformation: [-0.9983455355719154f,0.0002973484397608708f,0.05749872335566015f,-0.11874999850988388f,0f,0.9999866286204258f,-0.00517132288247138f,0.75f,-0.05749949220319573f,-0.005162767112716191f,-0.998332186314813f,0.012499999999999989f,0f,0f,0f,1f], start_interpolation: 0, interpolation_duration: 1 }