# This file was generated by Animated Java via MC-Build. It is not recommended to edit this file directly.
$data merge entity $(bone_left_ear) { transformation: [-0.9874947348145521f,0.11732056922627516f,-0.10530922442958246f,-0.03147312752292136f,0.12987156369996442f,0.9840556269967968f,-0.12152324846738981f,1.7206135046612034f,0.08937295819017892f,-0.13368024166780837f,-0.986986356203556f,-0.3032172262669572f,0f,0f,0f,1f], start_interpolation: 0, interpolation_duration: 1 }
$data merge entity $(bone_right_ear) { transformation: [-0.9847988266046753f,-0.14227501268675005f,-0.09964482868187319f,-0.03147312752292136f,-0.12987156369996442f,0.9840556269967968f,-0.12152324846738981f,1.7206135046612034f,0.11534577608296208f,-0.10673492278034394f,-0.9875743051532341f,-0.3032172262669572f,0f,0f,0f,1f], start_interpolation: 0, interpolation_duration: 1 }
$data merge entity $(bone_left_cheek) { transformation: [-0.9946562024066015f,-0.010327077516104495f,-0.10272482895607198f,0.2537934677218918f,8.673617379884035e-19f,0.9949846961061766f,-0.10002726885454498f,1.6306247913166811f,0.10324262208060135f,-0.09949274337596582f,-0.989667699281656f,0.023606982762957432f,0f,0f,0f,1f], start_interpolation: 0, interpolation_duration: 1 }
$data merge entity $(bone_right_cheek) { transformation: [-0.9946562024066015f,-0.010327077516104495f,-0.10272482895607198f,-0.2435346334814089f,8.673617379884035e-19f,0.9949846961061766f,-0.10002726885454498f,1.6306247913166811f,0.10324262208060135f,-0.09949274337596582f,-0.989667699281656f,0.07522829380325811f,0f,0f,0f,1f], start_interpolation: 0, interpolation_duration: 1 }
$data merge entity $(bone_floof) { transformation: [-0.9981903042059523f,-0.012901294237210993f,-0.058733918618063145f,0.014445679071947621f,-0.004363128187263005f,0.9896787156900221f,-0.1432375747580566f,1.5140663346826704f,0.059975659243145206f,-0.14272209470559644f,-0.9879439882813179f,0.13917202021148287f,0f,0f,0f,1f], start_interpolation: 0, interpolation_duration: 1 }
$data merge entity $(bone_eyes_default) { transformation: [-0.9946562024066015f,-0.010327077516104495f,-0.10272482895607198f,0f,8.673617379884035e-19f,0.9949846961061766f,-0.10002726885454498f,1.5f,0.10324262208060135f,-0.09949274337596582f,-0.989667699281656f,0f,0f,0f,0f,1f], start_interpolation: 0, interpolation_duration: 1 }
$data merge entity $(bone_eyes_closed) { transformation: [-0.000009946562024066015f,-1.0327077516104496e-7f,-0.0000010272482895607197f,-0.025681207239017994f,8.673617379884036e-24f,0.000009949846961061766f,-0.0000010002726885454498f,1.4749931827863638f,0.0000010324262208060136f,-9.949274337596584e-7f,-0.000009896676992816561f,-0.247416924820414f,0f,0f,0f,1f], start_interpolation: 0, interpolation_duration: 1 }
$data merge entity $(bone_head) { transformation: [-0.9946562024066015f,-0.010327077516104495f,-0.10272482895607198f,0f,8.673617379884035e-19f,0.9949846961061766f,-0.10002726885454498f,1.5f,0.10324262208060135f,-0.09949274337596582f,-0.989667699281656f,0f,0f,0f,0f,1f], start_interpolation: 0, interpolation_duration: 1 }
$data merge entity $(bone_breast) { transformation: [-0.9994822843075053f,-0.007425516154641094f,-0.03130535202307004f,0.004050919720583045f,-2.710505431213761e-20f,0.9730029273505211f,-0.23079277147977675f,1.4393474872109882f,0.032173954613183176f,-0.23067328644026733f,-0.9724991884661884f,0.12584161768586788f,0f,0f,0f,1f], start_interpolation: 0, interpolation_duration: 1 }
$data merge entity $(bone_body) { transformation: [-0.9994822843075053f,-0.0004737834665109756f,-0.03217046603140887f,0f,-2.710505431213761e-20f,0.999891571247108f,-0.014725683311458525f,1.5f,0.032173954613183176f,-0.014718059594125477f,-0.9993739116898802f,0f,0f,0f,0f,1f], start_interpolation: 0, interpolation_duration: 1 }
$data merge entity $(bone_left_arm) { transformation: [-0.9937023917124622f,0f,-0.11205158055526142f,0.3125f,0f,1f,0f,1.3266946064139942f,0.11205158055526142f,0f,-0.9937023917124622f,-0.018749999999999965f,0f,0f,0f,1f], start_interpolation: 0, interpolation_duration: 1 }
$data merge entity $(bone_right_arm) { transformation: [-0.996953594246274f,0f,0.07799699301534346f,-0.3125f,0f,1f,0f,1.3354f,-0.07799699301534346f,0f,-0.996953594246274f,0.01249999999999996f,0f,0f,0f,1f], start_interpolation: 0, interpolation_duration: 1 }
$data merge entity $(bone_left_leg) { transformation: [-0.9896513868196702f,0f,-0.1434926219911792f,0.11874999850988388f,0f,1f,0f,0.75f,0.1434926219911792f,0f,-0.9896513868196702f,-0.006249999999999987f,0f,0f,0f,1f], start_interpolation: 0, interpolation_duration: 1 }
$data merge entity $(bone_right_leg) { transformation: [-0.9986295347545738f,0f,0.05233595624294395f,-0.11874999850988388f,0f,1f,0f,0.75f,-0.05233595624294395f,0f,-0.9986295347545738f,0.012499999999999989f,0f,0f,0f,1f], start_interpolation: 0, interpolation_duration: 1 }