# This file was generated by Animated Java via MC-Build. It is not recommended to edit this file directly.
$data merge entity $(bone_left_ear) { transformation: [-0.9877485705707171f,0.1167334850910091f,-0.10356666835431402f,-0.030511968954703404f,0.1298880013720305f,0.9828375326846873f,-0.13099424203321117f,1.7209995615324192f,0.08649779439433539f,-0.14284144288260064f,-0.9859586470842133f,-0.3030342819764552f,0f,0f,0f,1f], start_interpolation: 0, interpolation_duration: 1 }
$data merge entity $(bone_right_ear) { transformation: [-0.9851655628718411f,-0.14286652054951166f,-0.09506824410645481f,-0.030511968954703404f,-0.1298880013720305f,0.9828375326846873f,-0.13099424203321117f,1.7209995615324192f,0.11215133004555908f,-0.11670279196468293f,-0.9868143379160339f,-0.3030342819764552f,0f,0f,0f,1f], start_interpolation: 0, interpolation_duration: 1 }
$data merge entity $(bone_left_cheek) { transformation: [-0.9949691658640301f,-0.00989459531050005f,-0.09969180489627873f,0.2537362048582124f,0f,0.9951106300033238f,-0.09876656344324222f,1.6305617389656182f,0.10018162995198408f,-0.09826968524437951f,-0.9901043934768365f,0.02455240644875882f,0f,0f,0f,1f], start_interpolation: 0, interpolation_duration: 1 }
$data merge entity $(bone_right_cheek) { transformation: [-0.9949691658640301f,-0.00989459531050005f,-0.09969180489627873f,-0.2437483780738026f,0f,0.9951106300033238f,-0.09876656344324222f,1.6305617389656182f,0.10018162995198408f,-0.09826968524437951f,-0.9901043934768365f,0.07464322142475087f,0f,0f,0f,1f], start_interpolation: 0, interpolation_duration: 1 }
$data merge entity $(bone_floof) { transformation: [-0.9983706711401641f,-0.012336455466263791f,-0.05571189167195349f,0.014019160063539196f,-0.004308136989573816f,0.9898594685842579f,-0.1419847611885496f,1.513889047984206f,0.05689853216751429f,-0.14151340685821712f,-0.9882998091250261f,0.13923343033268015f,0f,0f,0f,1f], start_interpolation: 0, interpolation_duration: 1 }
$data merge entity $(bone_eyes_default) { transformation: [-0.9949691658640301f,-0.00989459531050005f,-0.09969180489627873f,0f,0f,0.9951106300033238f,-0.09876656344324222f,1.5f,0.10018162995198408f,-0.09826968524437951f,-0.9901043934768365f,0f,0f,0f,0f,1f], start_interpolation: 0, interpolation_duration: 1 }
$data merge entity $(bone_eyes_closed) { transformation: [-0.000009949691658640302f,-9.894595310500051e-8f,-9.969180489627874e-7f,-0.02492295122406968f,0f,0.000009951106300033239f,-9.876656344324223e-7f,1.4753083591391893f,0.0000010018162995198409f,-9.826968524437952e-7f,-0.000009901043934768366f,-0.24752609836920914f,0f,0f,0f,1f], start_interpolation: 0, interpolation_duration: 1 }
$data merge entity $(bone_head) { transformation: [-0.9949691658640301f,-0.00989459531050005f,-0.09969180489627873f,0f,0f,0.9951106300033238f,-0.09876656344324222f,1.5f,0.10018162995198408f,-0.09826968524437951f,-0.9901043934768365f,0f,0f,0f,0f,1f], start_interpolation: 0, interpolation_duration: 1 }
$data merge entity $(bone_breast) { transformation: [-0.9994984582554055f,-0.007293021754469395f,-0.030816290801397302f,0.003986182680495591f,0f,0.9731197430399837f,-0.2302997301470322f,1.4392836991691167f,0.031667521928111904f,-0.2301842252185946f,-0.9726316828663603f,0.12581292128017454f,0f,0f,0f,1f], start_interpolation: 0, interpolation_duration: 1 }
$data merge entity $(bone_body) { transformation: [-0.9994984582554055f,-0.0004502819346685383f,-0.03166432047663046f,0f,0f,0.9998989042625847f,-0.014219045484225713f,1.5f,0.031667521928111904f,-0.014211914039347085f,-0.9993974132217227f,0f,0f,0f,0f,1f], start_interpolation: 0, interpolation_duration: 1 }
$data merge entity $(bone_left_arm) { transformation: [-0.9934936766682321f,0f,-0.11388728822936436f,0.3125f,0f,1f,0f,1.326416015625f,0.11388728822936436f,0f,-0.9934936766682321f,-0.018749999999999965f,0f,0f,0f,1f], start_interpolation: 0, interpolation_duration: 1 }
$data merge entity $(bone_right_arm) { transformation: [-0.997072219856247f,0f,0.0764656026650925f,-0.3125f,0f,1f,0f,1.3358506944444444f,-0.0764656026650925f,0f,-0.997072219856247f,0.01249999999999996f,0f,0f,0f,1f], start_interpolation: 0, interpolation_duration: 1 }
$data merge entity $(bone_left_leg) { transformation: [-0.989178110487112f,0f,-0.1467196842047681f,0.11874999850988388f,0f,1f,0f,0.75f,0.1467196842047681f,0f,-0.989178110487112f,-0.006249999999999987f,0f,0f,0f,1f], start_interpolation: 0, interpolation_duration: 1 }
$data merge entity $(bone_right_leg) { transformation: [-0.9986559299491912f,-0.00002626694820857881f,0.05182984552710542f,-0.11874999850988388f,0f,0.9999998715809871f,0.0005067918796259279f,0.75f,-0.051829852183043874f,0.0005061107158385296f,-0.9986558017027825f,0.012499999999999989f,0f,0f,0f,1f], start_interpolation: 0, interpolation_duration: 1 }