# This file was generated by Animated Java via MC-Build. It is not recommended to edit this file directly.
$data merge entity $(bone_left_ear) { transformation: [-0.9880056824748518f,0.11628400897000442f,-0.1016011843201949f,-0.02946839381259038f,0.12991210344560977f,0.9816149992287742f,-0.13983861651000024f,1.7215740493484195f,0.08347225153150875f,-0.15136057130890349f,-0.9849478974429575f,-0.3027178833855875f,0f,0f,0f,1f], start_interpolation: 0, interpolation_duration: 1 }
$data merge entity $(bone_right_ear) { transformation: [-0.9855551056046798f,-0.14329290284858512f,-0.09026781159291558f,-0.02946839381259038f,-0.12991210344560977f,0.9816149992287742f,-0.13983861651000024f,1.7215740493484195f,0.10864611909721095f,-0.12609178118465797f,-0.9860511566459395f,-0.3027178833855875f,0f,0f,0f,1f], start_interpolation: 0, interpolation_duration: 1 }
$data merge entity $(bone_left_cheek) { transformation: [-0.9952952831612025f,-0.009387299317061575f,-0.0964322452740444f,0.2536774237052957f,-8.673617379884035e-19f,0.9952952831612025f,-0.0968880762377992f,1.6304674151600127f,0.09688807623779905f,-0.09643224527404455f,-0.9906127006829384f,0.02563724407397832f,0f,0f,0f,1f], start_interpolation: 0, interpolation_duration: 1 }
$data merge entity $(bone_right_cheek) { transformation: [-0.9952952831612025f,-0.009387299317061575f,-0.0964322452740444f,-0.24397021787530557f,-8.673617379884035e-19f,0.9952952831612025f,-0.0968880762377992f,1.6304674151600127f,0.09688807623779905f,-0.09643224527404455f,-0.9906127006829384f,0.07408128219287784f,0f,0f,0f,1f], start_interpolation: 0, interpolation_duration: 1 }
$data merge entity $(bone_floof) { transformation: [-0.9985542980521286f,-0.011686977148863801f,-0.05246645029676216f,0.013560784491662493f,-0.00422619852849877f,0.9901258064670624f,-0.14011790254620207f,1.5136248857209404f,0.05358594113774986f,-0.1396936001865197f,-0.9887437711456443f,0.1393049110335382f,0f,0f,0f,1f], start_interpolation: 0, interpolation_duration: 1 }
$data merge entity $(bone_eyes_default) { transformation: [-0.9952952831612025f,-0.009387299317061575f,-0.0964322452740444f,0f,-8.673617379884035e-19f,0.9952952831612025f,-0.0968880762377992f,1.5f,0.09688807623779905f,-0.09643224527404455f,-0.9906127006829384f,0f,0f,0f,0f,1f], start_interpolation: 0, interpolation_duration: 1 }
$data merge entity $(bone_eyes_closed) { transformation: [-0.000009952952831612026f,-9.387299317061575e-8f,-9.64322452740444e-7f,-0.0241080613185111f,-8.673617379884036e-24f,0.000009952952831612026f,-9.68880762377992e-7f,1.4757779809405502f,9.688807623779906e-7f,-9.643224527404457e-7f,-0.000009906127006829385f,-0.2476531751707346f,0f,0f,0f,1f], start_interpolation: 0, interpolation_duration: 1 }
$data merge entity $(bone_head) { transformation: [-0.9952952831612025f,-0.009387299317061575f,-0.0964322452740444f,0f,-8.673617379884035e-19f,0.9952952831612025f,-0.0968880762377992f,1.5f,0.09688807623779905f,-0.09643224527404455f,-0.9906127006829384f,0f,0f,0f,0f,1f], start_interpolation: 0, interpolation_duration: 1 }
$data merge entity $(bone_breast) { transformation: [-0.9995152929324912f,-0.007153365581852691f,-0.030298655992116695f,0.003917714371965712f,2.710505431213761e-20f,0.9732430768367236f,-0.22977796541310752f,1.4392162202924166f,0.03113164297103935f,-0.22966659040931398f,-0.972771339038977f,0.1257824854205055f,0f,0f,0f,1f], start_interpolation: 0, interpolation_duration: 1 }
$data merge entity $(bone_body) { transformation: [-0.9995152929324912f,-0.000425972849254816f,-0.031128728551098283f,0f,2.710505431213761e-20f,0.9999063839983076f,-0.013682954338487157f,1.5f,0.03113164297103935f,-0.013676322113814891f,-0.9994217223071364f,0f,0f,0f,0f,1f], start_interpolation: 0, interpolation_duration: 1 }
$data merge entity $(bone_left_arm) { transformation: [-0.9932949048811239f,0f,-0.1156080963306591f,0.3125f,0f,1f,0f,1.326151375728863f,0.1156080963306591f,0f,-0.9932949048811239f,-0.018749999999999965f,0f,0f,0f,1f], start_interpolation: 0, interpolation_duration: 1 }
$data merge entity $(bone_right_arm) { transformation: [-0.9971811045322465f,0f,0.0750322914740643f,-0.3125f,0f,1f,0f,1.3362666666666667f,-0.0750322914740643f,0f,-0.9971811045322465f,0.01249999999999996f,0f,0f,0f,1f], start_interpolation: 0, interpolation_duration: 1 }
$data merge entity $(bone_left_leg) { transformation: [-0.9887041231277591f,0f,-0.14988047541347382f,0.11874999850988388f,0f,1f,0f,0.75f,0.14988047541347382f,0f,-0.9887041231277591f,-0.006249999999999987f,0f,0f,0f,1f], start_interpolation: 0, interpolation_duration: 1 }
$data merge entity $(bone_right_leg) { transformation: [-0.9986748927708488f,-0.00004497662153558889f,0.05146315697892293f,-0.11874999850988388f,0f,0.9999996180992012f,0.0008739573512251037f,0.75f,-0.05146317663275119f,0.0008727992640210255f,-0.9986745113761094f,0.012499999999999989f,0f,0f,0f,1f], start_interpolation: 0, interpolation_duration: 1 }