# This file was generated by Animated Java via MC-Build. It is not recommended to edit this file directly.
$data merge entity $(bone_left_ear) { transformation: [-0.988251808261396f,0.1159506733736516f,-0.09956809133591783f,-0.028389985476994756f,0.12994389110805277f,0.980410523936242f,-0.14801955856832566f,1.7223479628103116f,0.08045463710551076f,-0.1592188616315926f,-0.983959554793265f,-0.30225313010574484f,0f,0f,0f,1f], start_interpolation: 0, interpolation_duration: 1 }
$data merge entity $(bone_right_ear) { transformation: [-0.9859484063328954f,-0.143571226367101f,-0.08539931503865024f,-0.028389985476994756f,-0.12994389110805277f,0.980410523936242f,-0.14801955856832566f,1.7223479628103116f,0.10497773675081071f,-0.13484252858245466f,-0.9852903974322329f,-0.30225313010574484f,0f,0f,0f,1f], start_interpolation: 0, interpolation_duration: 1 }
$data merge entity $(bone_left_cheek) { transformation: [-0.9933498803295355f,-0.00882352380515892f,-0.11479617013192323f,0.2536201882218756f,0.002058296777316131f,0.995538817902409f,-0.094330405828931f,1.630339405941199f,0.11511637009424053f,-0.09393938192863588f,-0.9889002041961523f,0.026827027140474226f,0f,0f,0f,1f], start_interpolation: 0, interpolation_duration: 1 }
$data merge entity $(bone_right_cheek) { transformation: [-0.9933498803295355f,-0.00882352380515892f,-0.11479617013192323f,-0.2441886893839631f,0.002058296777316131f,0.995538817902409f,-0.094330405828931f,1.630339405941199f,0.11511637009424053f,-0.09393938192863588f,-0.9889002041961523f,0.07358514276562718f,0f,0f,0f,1f], start_interpolation: 0, interpolation_duration: 1 }
$data merge entity $(bone_floof) { transformation: [-0.998135513348947f,-0.011633016035333166f,-0.0599180267495158f,0.013092052262852512f,-0.0026148295602459876f,0.9889181721069743f,-0.14843857835135632f,1.5132683708326453f,0.06098081385161133f,-0.14800514117598268f,-0.987104765730301f,0.13938414231179294f,0f,0f,0f,1f], start_interpolation: 0, interpolation_duration: 1 }
$data merge entity $(bone_eyes_default) { transformation: [-0.9956177552116773f,-0.00882352380515892f,-0.09309903831361786f,0f,0f,0.995538817902409f,-0.09435285925436668f,1.5f,0.0935162312503059f,-0.09393938192863588f,-0.991176123106083f,0f,0f,0f,0f,1f], start_interpolation: 0, interpolation_duration: 1 }
$data merge entity $(bone_eyes_closed) { transformation: [-0.000009956177552116773f,-8.823523805158922e-8f,-9.309903831361787e-7f,-0.023274759578404466f,0f,0.00000995538817902409f,-9.435285925436668e-7f,1.4764117851864083f,9.351623125030592e-7f,-9.393938192863588e-7f,-0.00000991176123106083f,-0.24779403077652076f,0f,0f,0f,1f], start_interpolation: 0, interpolation_duration: 1 }
$data merge entity $(bone_head) { transformation: [-0.9956177552116773f,-0.00882352380515892f,-0.09309903831361786f,0f,0f,0.995538817902409f,-0.09435285925436668f,1.5f,0.0935162312503059f,-0.09393938192863588f,-0.991176123106083f,0f,0f,0f,0f,1f], start_interpolation: 0, interpolation_duration: 1 }
$data merge entity $(bone_breast) { transformation: [-0.9995326409517031f,-0.007007486441221002f,-0.02975558444880255f,0.0038459378572318903f,-2.710505431213761e-20f,0.9733721324530705f,-0.22923065188530545f,1.4391454651878226f,0.03056958737231689f,-0.22912351886599985f,-0.9729172181796085f,0.12575048451116125f,0f,0f,0f,1f], start_interpolation: 0, interpolation_duration: 1 }
$data merge entity $(bone_body) { transformation: [-0.9995326409517031f,-0.0004010938219096943f,-0.030566955946900277f,0f,-2.710505431213761e-20f,0.9999139201525828f,-0.01312068157887259f,1.5f,0.03056958737231689f,-0.013114549509616883f,-0.9994466013344815f,0f,0f,0f,0f,1f], start_interpolation: 0, interpolation_duration: 1 }
$data merge entity $(bone_left_arm) { transformation: [-0.9931087687811978f,0f,-0.11719630271426375f,0.3125f,0f,1f,0f,1.325903249134475f,0.11719630271426375f,0f,-0.9931087687811978f,-0.018749999999999968f,0f,0f,0f,1f], start_interpolation: 0, interpolation_duration: 1 }
$data merge entity $(bone_right_arm) { transformation: [-0.9972797884756243f,0f,0.07370904624273868f,-0.3125f,0f,1f,0f,1.33664375f,-0.07370904624273868f,0f,-0.9972797884756243f,0.01249999999999996f,0f,0f,0f,1f], start_interpolation: 0, interpolation_duration: 1 }
$data merge entity $(bone_left_leg) { transformation: [-0.9882400602817405f,0f,-0.15291037654241083f,0.11874999850988388f,0f,1f,0f,0.75f,0.15291037654241083f,0f,-0.9882400602817405f,-0.006249999999999987f,0f,0f,0f,1f], start_interpolation: 0, interpolation_duration: 1 }
$data merge entity $(bone_right_leg) { transformation: [-0.9986873715652114f,-0.0000572137731182528f,0.05122041197368217f,-0.11874999850988388f,0f,0.9999993761435891f,0.0011170104889915951f,0.75f,-0.05122044392788448f,0.0011155442692617876f,-0.9986867485276921f,0.012499999999999989f,0f,0f,0f,1f], start_interpolation: 0, interpolation_duration: 1 }