# This file was generated by Animated Java via MC-Build. It is not recommended to edit this file directly.
$data merge entity $(bone_left_ear) { transformation: [-0.9884746236691412f,0.11570611643800763f,-0.09762178538104953f,-0.027324235944747862f,0.1299831709756876f,0.9792466246662567f,-0.1555005573715048f,1.7233319248266301f,0.07760343823088406f,-0.1663975441482768f,-0.9830002867121491f,-0.30162526416609764f,0f,0f,0f,1f], start_interpolation: 0, interpolation_duration: 1 }
$data merge entity $(bone_right_ear) { transformation: [-0.9863284956290216f,-0.14372499270358513f,-0.08061777212591151f,-0.027324235944747862f,-0.1299831709756876f,0.9792466246662567f,-0.1555005573715048f,1.7233319248266301f,0.10129399771603526f,-0.14289567716378934f,-0.9845406804569355f,-0.30162526416609764f,0f,0f,0f,1f], start_interpolation: 0, interpolation_duration: 1 }
$data merge entity $(bone_left_cheek) { transformation: [-0.9910549181165005f,-0.00822106277528392f,-0.13320121397322626f,0.2535681460715364f,0.003974678190857221f,0.9958397526570874f,-0.09103509741385628f,1.6301750831571673f,0.13339546922731482f,-0.09075021297339207f,-0.9868992084478072f,0.028087239502459775f,0f,0f,0f,1f], start_interpolation: 0, interpolation_duration: 1 }
$data merge entity $(bone_right_cheek) { transformation: [-0.9910549181165005f,-0.00822106277528392f,-0.13320121397322626f,-0.24439275832050095f,0.003974678190857221f,0.9958397526570874f,-0.09103509741385628f,1.6301750831571673f,0.13339546922731482f,-0.09075021297339207f,-0.9868992084478072f,0.0731975232198587f,0f,0f,0f,1f], start_interpolation: 0, interpolation_duration: 1 }
$data merge entity $(bone_floof) { transformation: [-0.9976535501772834f,-0.011709091741720232f,-0.0674558447374759f,0.01263448512546344f,-0.0010425591164054714f,0.9877507914034669f,-0.15603617257646982f,1.512814006668821f,0.06845660588395597f,-0.15559971482110452f,-0.9854452911544301f,0.1394688554613748f,0f,0f,0f,1f], start_interpolation: 0, interpolation_duration: 1 }
$data merge entity $(bone_eyes_default) { transformation: [-0.9959218087840747f,-0.00822106277528392f,-0.08984522755885113f,0f,0f,0.9958397526570874f,-0.09112182520050384f,1.5f,0.09022056743479784f,-0.09075021297339207f,-0.9917785277253319f,0f,0f,0f,0f,1f], start_interpolation: 0, interpolation_duration: 1 }
$data merge entity $(bone_eyes_closed) { transformation: [-0.000009959218087840747f,-8.221062775283921e-8f,-8.984522755885113e-7f,-0.022461306889712783f,0f,0.000009958397526570874f,-9.112182520050385e-7f,1.477219543699874f,9.022056743479785e-7f,-9.075021297339208e-7f,-0.00000991778527725332f,-0.24794463193133298f,0f,0f,0f,1f], start_interpolation: 0, interpolation_duration: 1 }
$data merge entity $(bone_head) { transformation: [-0.9959218087840747f,-0.00822106277528392f,-0.08984522755885113f,0f,0f,0.9958397526570874f,-0.09112182520050384f,1.5f,0.09022056743479784f,-0.09075021297339207f,-0.9917785277253319f,0f,0f,0f,0f,1f], start_interpolation: 0, interpolation_duration: 1 }
$data merge entity $(bone_breast) { transformation: [-0.9995503600446954f,-0.006856313292337497f,-0.029190215870340697f,0.0037712756402222183f,0f,0.9735061185761374f,-0.22866096539379757f,1.4390718481568159f,0.029984624968803157f,-0.228558150287538f,-0.9730683913284921f,0.12571709427527886f,0f,0f,0f,1f], start_interpolation: 0, interpolation_duration: 1 }
$data merge entity $(bone_body) { transformation: [-0.9995503600446954f,-0.0003758722371259988f,-0.029982269003214747f,0f,0f,0.9999214275452548f,-0.012535499027153644f,1.5f,0.029984624968803157f,-0.012529862565931355f,-0.9994718229192653f,0f,0f,0f,0f,1f], start_interpolation: 0, interpolation_duration: 1 }
$data merge entity $(bone_left_arm) { transformation: [-0.992938025775245f,0f,-0.11863421500376221f,0.3125f,0f,1f,0f,1.3256741982507287f,0.11863421500376221f,0f,-0.992938025775245f,-0.018749999999999968f,0f,0f,0f,1f], start_interpolation: 0, interpolation_duration: 1 }
$data merge entity $(bone_right_arm) { transformation: [-0.9973678413716367f,0f,0.07250785473093113f,-0.3125f,0f,1f,0f,1.3369777777777778f,-0.07250785473093113f,0f,-0.9973678413716367f,0.012499999999999959f,0f,0f,0f,1f], start_interpolation: 0, interpolation_duration: 1 }
$data merge entity $(bone_left_leg) { transformation: [-0.9877973117517589f,0f,-0.15574489043303602f,0.11874999850988388f,0f,1f,0f,0.75f,0.15574489043303602f,0f,-0.9877973117517589f,-0.006249999999999987f,0f,0f,0f,1f], start_interpolation: 0, interpolation_duration: 1 }
$data merge entity $(bone_right_leg) { transformation: [-0.9986942493824754f,-0.00006393256729650599f,0.05108612495581139f,-0.11874999850988388f,0f,0.9999992169168836f,0.0012514653888368412f,0.75f,-0.051086164960524656f,0.001249831287132557f,-0.9986934673218704f,0.012499999999999989f,0f,0f,0f,1f], start_interpolation: 0, interpolation_duration: 1 }