# This file was generated by Animated Java via MC-Build. It is not recommended to edit this file directly.
$data merge entity $(bone_left_ear) { transformation: [-0.9886636074261871f,0.11551813244559511f,-0.09591575692929795f,-0.02631830585788604f,0.13002950065171942f,0.9781455820254741f,-0.162245336833794f,1.7245361218751576f,0.0750772955779756f,-0.17287793798032391f,-0.9820777047914123f,-0.3008196124757081f,0f,0f,0f,1f], start_interpolation: 0, interpolation_duration: 1 }
$data merge entity $(bone_right_ear) { transformation: [-0.986680621275604f,-0.143783091335013f,-0.07607742270434312f,-0.02631830585788604f,-0.13002950065171942f,0.9781455820254741f,-0.162245336833794f,1.7245361218751576f,0.09774293099479103f,-0.150192020461122f,-0.9838133341393343f,-0.3008196124757081f,0f,0f,0f,1f], start_interpolation: 0, interpolation_duration: 1 }
$data merge entity $(bone_left_cheek) { transformation: [-0.9883832016715703f,-0.007596123493895961f,-0.15179244237221215f,0.25352566463829096f,0.005700258306074197f,0.9961946980917455f,-0.08696913561223892f,1.6299715711831968f,0.1518754545958625f,-0.0868240888334652f,-0.9845788053221228f,0.02938329549053384f,0f,0f,0f,1f], start_interpolation: 0, interpolation_duration: 1 }
$data merge entity $(bone_right_cheek) { transformation: [-0.9883832016715703f,-0.007596123493895961f,-0.15179244237221215f,-0.2445716844075818f,0.005700258306074197f,0.9961946980917455f,-0.08696913561223892f,1.6299715711831968f,0.1518754545958625f,-0.0868240888334652f,-0.9845788053221228f,0.07296116686436287f,0f,0f,0f,1f], start_interpolation: 0, interpolation_duration: 1 }
$data merge entity $(bone_floof) { transformation: [-0.9970947015067614f,-0.011945792929639723f,-0.07522934439714724f,0.012209637492206025f,0.00046805957313028536f,0.986646609050825f,-0.16287495132384433f,1.5122562763238894f,0.07617044799250178f,-0.16243696278800224f,-0.9837745148014513f,0.1395567951336709f,0f,0f,0f,1f], start_interpolation: 0, interpolation_duration: 1 }
$data merge entity $(bone_eyes_default) { transformation: [-0.9961946980917455f,-0.007596123493895961f,-0.08682408883346507f,0f,0f,0.9961946980917455f,-0.08715574274765818f,1.5f,0.08715574274765805f,-0.0868240888334652f,-0.9924038765061041f,0f,0f,0f,0f,1f], start_interpolation: 0, interpolation_duration: 1 }
$data merge entity $(bone_eyes_closed) { transformation: [-0.000009961946980917456f,-7.596123493895962e-8f,-8.682408883346507e-7f,-0.021706022208366267f,0f,0.000009961946980917456f,-8.715574274765819e-7f,1.4782110643130855f,8.715574274765806e-7f,-8.68240888334652e-7f,-0.000009924038765061042f,-0.24810096912652602f,0f,0f,0f,1f], start_interpolation: 0, interpolation_duration: 1 }
$data merge entity $(bone_head) { transformation: [-0.9961946980917455f,-0.007596123493895961f,-0.08682408883346507f,0f,0f,0.9961946980917455f,-0.08715574274765818f,1.5f,0.08715574274765805f,-0.0868240888334652f,-0.9924038765061041f,0f,0f,0f,0f,1f], start_interpolation: 0, interpolation_duration: 1 }
$data merge entity $(bone_breast) { transformation: [-0.9995683138648479f,-0.006700763693162534f,-0.028605693197568303f,0.0036941495724512473f,-2.710505431213761e-20f,0.9736442496508119f,-0.22807208317088573f,1.4389957831459146f,0.029380025823423143f,-0.22797362761476558f,-0.973223940927667f,0.1256824919587294f,0f,0f,0f,1f], start_interpolation: 0, interpolation_duration: 1 }
$data merge entity $(bone_body) { transformation: [-0.9995683138648479f,-0.00035052364617530076f,-0.02937793475652233f,0f,-2.710505431213761e-20f,0.9999288269209367f,-0.01193067862778551f,1.5f,0.029380025823423143f,-0.011925528319238937f,-0.9994971715102159f,0f,0f,0f,0f,1f], start_interpolation: 0, interpolation_duration: 1 }
$data merge entity $(bone_left_arm) { transformation: [-0.9927854729936472f,0f,-0.11990414760457736f,0.3125f,0f,1f,0f,1.325466785486516f,0.11990414760457736f,0f,-0.9927854729936472f,-0.018749999999999968f,0f,0f,0f,1f], start_interpolation: 0, interpolation_duration: 1 }
$data merge entity $(bone_right_arm) { transformation: [-0.9974448484578877f,0f,0.07144070467752499f,-0.3125f,0f,1f,0f,1.3372645833333334f,-0.07144070467752499f,0f,-0.9974448484578877f,0.012499999999999959f,0f,0f,0f,1f], start_interpolation: 0, interpolation_duration: 1 }
$data merge entity $(bone_left_leg) { transformation: [-0.9873879149797652f,0f,-0.1583196303428982f,0.11874999850988388f,0f,1f,0f,0.75f,0.1583196303428982f,0f,-0.9873879149797652f,-0.006249999999999987f,0f,0f,0f,1f], start_interpolation: 0, interpolation_duration: 1 }
$data merge entity $(bone_right_leg) { transformation: [-0.9986963620016728f,-0.000065992623596685f,0.05104480551042726f,-0.11874999850988388f,0f,0.9999991642870306f,0.0012928361228120037f,0.75f,-0.0510448481692689f,0.001291150732516696f,-0.9986955273781706f,0.012499999999999989f,0f,0f,0f,1f], start_interpolation: 0, interpolation_duration: 1 }