# This file was generated by Animated Java via MC-Build. It is not recommended to edit this file directly.
$data merge entity $(bone_left_ear) { transformation: [-0.9889785855572075f,0.11615634827032567f,-0.09180991267705112f,-0.024483470068793364f,0.1301202408309692f,0.9777318514370587f,-0.16464856395229238f,1.727057979944294f,0.0706404999653564f,-0.1747802318397717f,-0.9820701554994328f,-0.29907657202965116f,0f,0f,0f,1f], start_interpolation: 0, interpolation_duration: 1 }
$data merge entity $(bone_right_ear) { transformation: [-0.98730004015419f,-0.14303559760736922f,-0.06913355573552797f,-0.024483470068793364f,-0.1301202408309692f,0.9777318514370587f,-0.16464856395229238f,1.727057979944294f,0.09114468518583613f,-0.15356185887961987f,-0.983926522591911f,-0.29907657202965116f,0f,0f,0f,1f], start_interpolation: 0, interpolation_duration: 1 }
$data merge entity $(bone_left_cheek) { transformation: [-0.9857843392281862f,-0.006429917913286315f,-0.16789250337068867f,0.253446295733896f,0.006868489655464863f,0.9968898856070358f,-0.07850719600293861f,1.629536678246983f,0.1678751333053859f,-0.07854433225904621f,-0.9826742733417211f,0.031882192012222f,0f,0f,0f,1f], start_interpolation: 0, interpolation_duration: 1 }
$data merge entity $(bone_right_cheek) { transformation: [-0.9857843392281862f,-0.006429917913286315f,-0.16789250337068867f,-0.24488666828311897f,0.006868489655464863f,0.9968898856070358f,-0.07850719600293861f,1.629536678246983f,0.1678751333053859f,-0.07854433225904621f,-0.9826742733417211f,0.07267749779630073f,0f,0f,0f,1f], start_interpolation: 0, interpolation_duration: 1 }
$data merge entity $(bone_floof) { transformation: [-0.9966797306252981f,-0.011598369317041463f,-0.08059151561962839f,0.011437995295235892f,0.001893464851900465f,0.9862329966526568f,-0.16535081222774628f,1.5110822457287325f,0.0813998117414157f,-0.16495440019201155f,-0.9829364763329093f,0.1397202444824448f,0f,0f,0f,1f], start_interpolation: 0, interpolation_duration: 1 }
$data merge entity $(bone_eyes_default) { transformation: [-0.9966659280340299f,-0.006429917913286315f,-0.08133685543278857f,0f,8.673617379884035e-19f,0.9968898856070358f,-0.07880708073765356f,1.5f,0.08159061156815745f,-0.07854433225904621f,-0.9935661829862742f,0f,0f,0f,0f,1f], start_interpolation: 0, interpolation_duration: 1 }
$data merge entity $(bone_eyes_closed) { transformation: [-0.0000099666592803403f,-6.429917913286315e-8f,-8.133685543278858e-7f,-0.020334213858197142f,8.673617379884036e-24f,0.000009968898856070358f,-7.880708073765357e-7f,1.4802982298155867f,8.159061156815745e-7f,-7.854433225904622e-7f,-0.000009935661829862743f,-0.24839154574656855f,0f,0f,0f,1f], start_interpolation: 0, interpolation_duration: 1 }
$data merge entity $(bone_head) { transformation: [-0.9966659280340299f,-0.006429917913286315f,-0.08133685543278857f,0f,8.673617379884035e-19f,0.9968898856070358f,-0.07880708073765356f,1.5f,0.08159061156815745f,-0.07854433225904621f,-0.9935661829862742f,0f,0f,0f,0f,1f], start_interpolation: 0, interpolation_duration: 1 }
$data merge entity $(bone_breast) { transformation: [-0.9995863726833043f,-0.006541742447164845f,-0.028005162945238193f,0.003614980769905315f,0f,0.9737857465590505f,-0.22746718400339114f,1.438917683703383f,0.028759060239068674f,-0.2273730973624355f,-0.9733829621736647f,0.12564685650613494f,0f,0f,0f,1f], start_interpolation: 0, interpolation_duration: 1 }
$data merge entity $(bone_body) { transformation: [-0.9995863726833043f,-0.00032525037463300026f,-0.028757220971926022f,0f,0f,0.9999360456451858f,-0.011309492449657774f,1.5f,0.028759060239068674f,-0.011304814534642632f,-0.9995224447817582f,0f,0f,0f,0f,1f], start_interpolation: 0, interpolation_duration: 1 }
$data merge entity $(bone_left_arm) { transformation: [-0.9926539188827305f,0f,-0.1209884181513152f,0.3125f,0f,1f,0f,1.3252835732507289f,0.1209884181513152f,0f,-0.9926539188827305f,-0.018749999999999968f,0f,0f,0f,1f], start_interpolation: 0, interpolation_duration: 1 }
$data merge entity $(bone_right_arm) { transformation: [-0.9975103951549249f,0f,0.07051958279701949f,-0.3125f,0f,1f,0f,1.3375f,-0.07051958279701949f,0f,-0.9975103951549249f,0.012499999999999964f,0f,0f,0f,1f], start_interpolation: 0, interpolation_duration: 1 }
$data merge entity $(bone_left_leg) { transformation: [-0.987024406397454f,0f,-0.1605702997934343f,0.11874999850988388f,0f,1f,0f,0.75f,0.1605702997934343f,0f,-0.987024406397454f,-0.006249999999999987f,0f,0f,0f,1f], start_interpolation: 0, interpolation_duration: 1 }
$data merge entity $(bone_right_leg) { transformation: [-0.9986945135533528f,-0.00006419026130143453f,0.051080960034461914f,-0.11874999850988388f,0f,0.9999992104317518f,0.0012566367307023255f,0.75f,-0.051081000366397886f,0.0012549962084820348f,-0.9986937250158753f,0.012499999999999989f,0f,0f,0f,1f], start_interpolation: 0, interpolation_duration: 1 }