# This file was generated by Animated Java via MC-Build. It is not recommended to edit this file directly.
$data merge entity $(bone_left_ear) { transformation: [-0.9893810318126993f,0.11885240955027243f,-0.08366169155194478f,-0.021991182846115787f,0.13023009607642433f,0.9805007689829156f,-0.1471678093192811f,1.730499478829418f,0.06453910415526175f,-0.15650030916265087f,-0.9855670232241087f,-0.29662761273420823f,0f,0f,0f,1f], start_interpolation: 0, interpolation_duration: 1 }
$data merge entity $(bone_right_ear) { transformation: [-0.9880817285434812f,-0.1406312317671506f,-0.06258877191781376f,-0.021991182846115787f,-0.13023009607642433f,0.9805007689829156f,-0.1471678093192811f,1.730499478829418f,0.08206472929615634f,-0.13726288163799044f,-0.9871293134792338f,-0.29662761273420823f,0f,0f,0f,1f], start_interpolation: 0, interpolation_duration: 1 }
$data merge entity $(bone_left_cheek) { transformation: [-0.9880196867028336f,-0.004977174493175901f,-0.15424761399029535f,0.2533040490861485f,0.0054490826706209165f,0.9977315193327018f,-0.06709786008590214f,1.6289238623618671f,0.15423166401774774f,-0.06713451470088273f,-0.9857512621093586f,0.03531212865660179f,0f,0f,0f,1f], start_interpolation: 0, interpolation_duration: 1 }
$data merge entity $(bone_right_cheek) { transformation: [-0.9880196867028336f,-0.004977174493175901f,-0.15424761399029535f,-0.245327503054855f,0.0054490826706209165f,0.9977315193327018f,-0.06709786008590214f,1.6289238623618671f,0.15423166401774774f,-0.06713451470088273f,-0.9857512621093586f,0.0722793466943942f,0f,0f,0f,1f], start_interpolation: 0, interpolation_duration: 1 }
$data merge entity $(bone_floof) { transformation: [-0.9972732542743246f,-0.011078556885264462f,-0.07296109844594134f,0.010373444611410905f,0.001775190897963883f,0.9847802050441542f,-0.17379527165739977f,1.5094667005018787f,0.07377604629128731f,-0.17345089602113206f,-0.982075293275975f,0.13992199202949376f,0f,0f,0f,1f], start_interpolation: 0, interpolation_duration: 1 }
$data merge entity $(bone_eyes_default) { transformation: [-0.997263104282007f,-0.004977174493175901f,-0.07376671723669977f,0f,-4.336808689942018e-19f,0.9977315193327018f,-0.06731875912447109f,1.5f,0.07393443607558482f,-0.06713451470088273f,-0.9950008322097335f,0f,0f,0f,0f,1f], start_interpolation: 0, interpolation_duration: 1 }
$data merge entity $(bone_eyes_closed) { transformation: [-0.000009972631042820072f,-4.9771744931759014e-8f,-7.376671723669977e-7f,-0.01844167930917494f,-4.336808689942018e-24f,0.000009977315193327018f,-6.731875912447109e-7f,1.4831703102188822f,7.393443607558483e-7f,-6.713451470088274e-7f,-0.000009950008322097336f,-0.24875020805243336f,0f,0f,0f,1f], start_interpolation: 0, interpolation_duration: 1 }
$data merge entity $(bone_head) { transformation: [-0.997263104282007f,-0.004977174493175901f,-0.07376671723669977f,0f,-4.336808689942018e-19f,0.9977315193327018f,-0.06731875912447109f,1.5f,0.07393443607558482f,-0.06713451470088273f,-0.9950008322097335f,0f,0f,0f,0f,1f], start_interpolation: 0, interpolation_duration: 1 }
$data merge entity $(bone_breast) { transformation: [-0.9996044139780244f,-0.006380140455403233f,-0.027391775470382834f,0.00353418954106146f,-2.710505431213761e-20f,0.9739298371954058f,-0.22684944835844362f,1.438837962942191f,0.028124998767120678f,-0.22675970988758015f,-0.9735445641654265f,0.12561036870906417f,0f,0f,0f,1f], start_interpolation: 0, interpolation_duration: 1 }
$data merge entity $(bone_body) { transformation: [-0.9996044139780244f,-0.0003002403435856726f,-0.028123396156698843f,0f,-2.710505431213761e-20f,0.9999430182936146f,-0.010675212684334991f,1.5f,0.028124998767120678f,-0.01067098971941545f,-0.9995474548128056f,0f,0f,0f,0f,1f], start_interpolation: 0, interpolation_duration: 1 }
$data merge entity $(bone_left_arm) { transformation: [-0.992546151641322f,0f,-0.12186934340514734f,0.3125f,0f,1f,0f,1.3251271239522595f,0.12186934340514734f,0f,-0.992546151641322f,-0.018749999999999968f,0f,0f,0f,1f], start_interpolation: 0, interpolation_duration: 1 }
$data merge entity $(bone_right_arm) { transformation: [-0.9975640502598242f,0f,0.06975647374412541f,-0.3125f,0f,1f,0f,1.33774f,-0.06975647374412541f,0f,-0.9975640502598242f,0.012499999999999964f,0f,0f,0f,1f], start_interpolation: 0, interpolation_duration: 1 }
$data merge entity $(bone_left_leg) { transformation: [-0.9867196308446498f,0f,-0.16243266329712777f,0.11874999850988388f,0f,1f,0f,0.75f,0.16243266329712777f,0f,-0.9867196308446498f,-0.006249999999999987f,0f,0f,0f,1f], start_interpolation: 0, interpolation_duration: 1 }
$data merge entity $(bone_right_leg) { transformation: [-0.9986894897396384f,-0.00005928494055539513f,0.051179093083761694f,-0.11874999850988388f,0f,0.9999993290762383f,0.0011583812296691507f,0.75f,-0.051179127421054384f,0.001156863159182259f,-0.9986888196951292f,0.012499999999999989f,0f,0f,0f,1f], start_interpolation: 0, interpolation_duration: 1 }