# This file was generated by Animated Java via MC-Build. It is not recommended to edit this file directly.
$data merge entity $(bone_left_ear) { transformation: [-0.9898187219644912f,0.12163924764140355f,-0.07391069666708966f,-0.019037608518596205f,0.13033947696719772f,0.9832625722146392f,-0.12730410372713455f,1.7346042708363f,0.057188446320026676f,-0.13564146679789701f,-0.9891060985012763f,-0.2935983107363881f,0f,0f,0f,1f], start_interpolation: 0, interpolation_duration: 1 }
$data merge entity $(bone_right_ear) { transformation: [-0.9889155382268855f,-0.1381376340996252f,-0.05444311066413604f,-0.019037608518596205f,-0.13033947696719772f,0.9832625722146392f,-0.12730410372713455f,1.7346042708363f,0.07111736073102429f,-0.11879691968737978f,-0.990368422798023f,-0.2935983107363881f,0f,0f,0f,1f], start_interpolation: 0, interpolation_duration: 1 }
$data merge entity $(bone_left_cheek) { transformation: [-0.9902853932164072f,-0.003459779689592961f,-0.13900672612044784f,0.2530819822419906f,0.003995730788813256f,0.9985695188859942f,-0.05331932189420114f,1.6281629918352378f,0.1389923527309652f,-0.053356779103442775f,-0.9888549843157071f,0.039433587058566116f,0f,0f,0f,1f], start_interpolation: 0, interpolation_duration: 1 }
$data merge entity $(bone_right_cheek) { transformation: [-0.9902853932164072f,-0.003459779689592961f,-0.13900672612044784f,-0.24587018778830086f,0.003995730788813256f,0.9985695188859942f,-0.05331932189420114f,1.6281629918352378f,0.1389923527309652f,-0.053356779103442775f,-0.9888549843157071f,0.07178682525914092f,0f,0f,0f,1f], start_interpolation: 0, interpolation_duration: 1 }
$data merge entity $(bone_floof) { transformation: [-0.997911049255999f,-0.00999260642846915f,-0.06382543058653689f,0.009086331798098982f,0.001656732543114919f,0.9836817288928648f,-0.17990973147560718f,1.5075190544425994f,0.06458167704598343f,-0.17963965057611922f,-0.9816103111371732f,0.1401295579802637f,0f,0f,0f,1f], start_interpolation: 0, interpolation_duration: 1 }
$data merge entity $(bone_eyes_default) { transformation: [-0.9979043400605829f,-0.003459779689592961f,-0.06461391500870388f,0f,-2.168404344971009e-19f,0.9985695188859942f,-0.05346883159181719f,1.5f,0.06470647640114958f,-0.053356779103442775f,-0.9964768567485418f,0f,0f,0f,0f,1f], start_interpolation: 0, interpolation_duration: 1 }
$data merge entity $(bone_eyes_closed) { transformation: [-0.00000997904340060583f,-3.459779689592961e-8f,-6.461391500870389e-7f,-0.01615347875217597f,-2.168404344971009e-24f,0.000009985695188859942f,-5.346883159181719e-7f,1.4866327921020457f,6.470647640114959e-7f,-5.335677910344278e-7f,-0.00000996476856748542f,-0.24911921418713545f,0f,0f,0f,1f], start_interpolation: 0, interpolation_duration: 1 }
$data merge entity $(bone_head) { transformation: [-0.9979043400605829f,-0.003459779689592961f,-0.06461391500870388f,0f,-2.168404344971009e-19f,0.9985695188859942f,-0.05346883159181719f,1.5f,0.06470647640114958f,-0.053356779103442775f,-0.9964768567485418f,0f,0f,0f,0f,1f], start_interpolation: 0, interpolation_duration: 1 }
$data merge entity $(bone_breast) { transformation: [-0.9996223229158351f,-0.006216833773759375f,-0.026768685178381234f,0.003452195326214883f,-2.710505431213761e-20f,0.9740757569387065f,-0.22622205848300017f,1.43875703350927f,0.02748111221093212f,-0.22613661959557854f,-0.9737078708470702f,0.1255732113264808f,0f,0f,0f,1f], start_interpolation: 0, interpolation_duration: 1 }
$data merge entity $(bone_body) { transformation: [-0.9996223229158351f,-0.0002756661046101749f,-0.027479729557413977f,0f,-2.710505431213761e-20f,0.9999496871339294f,-0.010031111641126144f,1.5f,0.02748111221093212f,-0.01002732312013059f,-0.9995720290517811f,0f,0f,0f,0f,1f], start_interpolation: 0, interpolation_duration: 1 }
$data merge entity $(bone_left_arm) { transformation: [-0.9924437063273326f,0f,-0.12270081406114314f,0.3125f,0f,1f,0f,1.325f,0.12270081406114314f,0f,-0.9924437063273326f,-0.018749999999999965f,0f,0f,0f,1f], start_interpolation: 0, interpolation_duration: 1 }
$data merge entity $(bone_right_arm) { transformation: [-0.997622139235351f,0f,0.06892073205851752f,-0.3125f,0f,1f,0f,1.33796f,-0.06892073205851752f,0f,-0.997622139235351f,0.012499999999999964f,0f,0f,0f,1f], start_interpolation: 0, interpolation_duration: 1 }
$data merge entity $(bone_left_leg) { transformation: [-0.986486509099847f,0f,-0.16384250780550616f,0.11874999850988388f,0f,1f,0f,0.75f,0.16384250780550616f,0f,-0.986486509099847f,-0.006249999999999987f,0f,0f,0f,1f], start_interpolation: 0, interpolation_duration: 1 }
$data merge entity $(bone_right_leg) { transformation: [-0.9986820686509911f,-0.000052020897388376255f,0.05132370844749515f,-0.11874999850988388f,0f,0.9999994863239815f,0.001013583629088433f,0.75f,-0.0513237348112669f,0.0010122477954488153f,-0.9986815556519623f,0.012499999999999989f,0f,0f,0f,1f], start_interpolation: 0, interpolation_duration: 1 }