# This file was generated by Animated Java via MC-Build. It is not recommended to edit this file directly.
$data merge entity $(bone_left_ear) { transformation: [-0.990245511328182f,0.12425236770084244f,-0.0630490001119937f,-0.015814208076483878f,0.13043172459392582f,0.9857931770391415f,-0.10582711052717159f,1.739120595608569f,0.04900400507960363f,-0.11301841099489299f,-0.9923837192650571f,-0.2901255143532139f,0f,0f,0f,1f], start_interpolation: 0, interpolation_duration: 1 }
$data merge entity $(bone_right_ear) { transformation: [-0.9897050382794418f,-0.1358005654979139f,-0.04519008314592233f,-0.015814208076483878f,-0.13043172459392582f,0.9857931770391415f,-0.10582711052717159f,1.739120595608569f,0.05891945708968187f,-0.0988434039960315f,-0.9933571759758594f,-0.2901255143532139f,0f,0f,0f,1f], start_interpolation: 0, interpolation_duration: 1 }
$data merge entity $(bone_left_cheek) { transformation: [-0.9924451813671569f,-0.0020703624289786777f,-0.12267141305342454f,0.25276988612923024f,0.0026061580062376813f,0.9992762554049955f,-0.03794961560038105f,1.6272869693128866f,0.12266119973959877f,-0.03798261422259972f,-0.991721508839684f,0.044007523326770354f,0f,0f,0f,1f], start_interpolation: 0, interpolation_duration: 1 }
$data merge entity $(bone_right_cheek) { transformation: [-0.9924451813671569f,-0.0020703624289786777f,-0.12267141305342454f,-0.2464889800834797f,0.0026061580062376813f,0.9992762554049955f,-0.03794961560038105f,1.6272869693128866f,0.12266119973959877f,-0.03798261422259972f,-0.991721508839684f,0.07122120569427481f,0f,0f,0f,1f], start_interpolation: 0, interpolation_duration: 1 }
$data merge entity $(bone_floof) { transformation: [-0.9985215624475792f,-0.008514230414013852f,-0.05368609883109658f,0.007648308734619604f,0.001537849622966364f,0.9828362575388433f,-0.1844736455041145f,1.50534923412134f,0.05433529558015057f,-0.18428347388601513f,-0.9813701019017851f,0.14031493039878198f,0f,0f,0f,1f], start_interpolation: 0, interpolation_duration: 1 }
$data merge entity $(bone_eyes_default) { transformation: [-0.9985177324254199f,-0.0020703624289786777f,-0.05438797322396163f,0f,-2.168404344971009e-19f,0.9992762554049955f,-0.03803899819619546f,1.5f,0.054427364735008935f,-0.03798261422259972f,-0.9977950606135608f,0f,0f,0f,0f,1f], start_interpolation: 0, interpolation_duration: 1 }
$data merge entity $(bone_eyes_closed) { transformation: [-0.0000099851773242542f,-2.070362428978678e-8f,-5.438797322396164e-7f,-0.013596993305990408f,-2.168404344971009e-24f,0.000009992762554049956f,-3.8038998196195464e-7f,1.4904902504509512f,5.442736473500893e-7f,-3.7982614222599725e-7f,-0.00000997795060613561f,-0.2494487651533902f,0f,0f,0f,1f], start_interpolation: 0, interpolation_duration: 1 }
$data merge entity $(bone_head) { transformation: [-0.9985177324254199f,-0.0020703624289786777f,-0.05438797322396163f,0f,-2.168404344971009e-19f,0.9992762554049955f,-0.03803899819619546f,1.5f,0.054427364735008935f,-0.03798261422259972f,-0.9977950606135608f,0f,0f,0f,0f,1f], start_interpolation: 0, interpolation_duration: 1 }
$data merge entity $(bone_breast) { transformation: [-0.9996399927274667f,-0.006052682875747609f,-0.026139050668223602f,0.003369416648314661f,0f,0.9742227490197964f,-0.22558819847747047f,1.4386753075611158f,0.026830671624659887f,-0.22550698508542089f,-0.973872021745082f,0.12553556917752967f,0f,0f,0f,1f], start_interpolation: 0, interpolation_duration: 1 }
$data merge entity $(bone_body) { transformation: [-0.9996399927274667f,-0.00025168408861676015f,-0.02682949114220891f,0f,0f,0.9999560025008881f,-0.00938046173937141f,1.5f,0.026830671624659887f,-0.009377084704925516f,-0.9995960110677745f,0f,0f,0f,0f,1f], start_interpolation: 0, interpolation_duration: 1 }
$data merge entity $(bone_left_arm) { transformation: [-0.9923491862342573f,0f,-0.1234629198593952f,0.3125f,0f,1f,0f,1.32488f,0.1234629198593952f,0f,-0.9923491862342573f,-0.018749999999999965f,0f,0f,0f,1f], start_interpolation: 0, interpolation_duration: 1 }
$data merge entity $(bone_right_arm) { transformation: [-0.9976747723843413f,0f,0.06815459300628762f,-0.3125f,0f,1f,0f,1.33816f,-0.06815459300628762f,0f,-0.9976747723843413f,0.012499999999999964f,0f,0f,0f,1f], start_interpolation: 0, interpolation_duration: 1 }
$data merge entity $(bone_left_leg) { transformation: [-0.9863377634994053f,0f,-0.1647355951061918f,0.11874999850988388f,0f,1f,0f,0.75f,0.1647355951061918f,0f,-0.9863377634994053f,-0.006249999999999987f,0f,0f,0f,1f], start_interpolation: 0, interpolation_duration: 1 }
$data merge entity $(bone_right_leg) { transformation: [-0.9986730291792945f,-0.00004314397113313794f,0.05149930998032695f,-0.11874999850988388f,0f,0.9999996490807529f,0.0008377579429621354f,0.75f,-0.051499328052432375f,0.0008366462626170103f,-0.998672678725707f,0.012499999999999989f,0f,0f,0f,1f], start_interpolation: 0, interpolation_duration: 1 }