# This file was generated by Animated Java via MC-Build. It is not recommended to edit this file directly.
$data merge entity $(bone_left_ear) { transformation: [-0.9913198915844553f,0.13101962311340234f,-0.010896371332039575f,-0.002938224098535438f,0.1303859487927297f,0.9903796067839475f,0.04634370317414233f,1.7627655548602958f,0.01686347847875275f,0.04452070109168707f,-0.9988661222946252f,-0.2693458604064811f,0f,0f,0f,1f], start_interpolation: 0, interpolation_duration: 1 }
$data merge entity $(bone_right_ear) { transformation: [-0.9914518591394076f,-0.13001723001512763f,-0.010896371332039575f,-0.002938224098535438f,-0.1303859487927297f,0.9903796067839475f,0.04634370317414233f,1.7627655548602958f,0.00476606403985197f,0.047368284385934156f,-0.9988661222946252f,-0.2693458604064811f,0f,0f,0f,1f], start_interpolation: 0, interpolation_duration: 1 }
$data merge entity $(bone_left_cheek) { transformation: [-0.9999405050001497f,0.0005055213544027688f,-0.010896371332039575f,0.25072933962759025f,0f,0.9989255533702734f,0.04634370317414233f,1.6219692127229002f,0.010908091494182249f,0.04634094595552892f,-0.9988661222946252f,0.06549472801430962f,0f,0f,0f,1f], start_interpolation: 0, interpolation_duration: 1 }
$data merge entity $(bone_right_cheek) { transformation: [-0.9999405050001497f,0.0005055213544027688f,-0.010896371332039575f,-0.24924091287248462f,0f,0.9989255533702734f,0.04634370317414233f,1.6219692127229002f,0.010908091494182249f,0.04634094595552892f,-0.9988661222946252f,0.07094877376140075f,0f,0f,0f,1f], start_interpolation: 0, interpolation_duration: 1 }
$data merge entity $(bone_floof) { transformation: [-0.9999405050001497f,-0.0013942936758617754f,-0.010818613829456293f,0.0015323022185680653f,0f,0.9917971292435824f,-0.1278219637784861f,1.4934829167411363f,0.010908091494182249f,-0.12781435901077026f,-0.9917381222735265f,0.14046554844768167f,0f,0f,0f,1f], start_interpolation: 0, interpolation_duration: 1 }
$data merge entity $(bone_eyes_default) { transformation: [-0.9999405050001497f,0.0005055213544027688f,-0.010896371332039575f,0f,0f,0.9989255533702734f,0.04634370317414233f,1.5f,0.010908091494182249f,0.04634094595552892f,-0.9988661222946252f,0f,0f,0f,0f,1f], start_interpolation: 0, interpolation_duration: 1 }
$data merge entity $(bone_eyes_closed) { transformation: [-0.000009999405050001498f,5.055213544027689e-9f,-1.0896371332039576e-7f,-0.0027240928330098937f,0f,0.000009989255533702736f,4.6343703174142335e-7f,1.5115859257935356f,1.090809149418225e-7f,4.6340945955528927e-7f,-0.000009988661222946253f,-0.2497165305736563f,0f,0f,0f,1f], start_interpolation: 0, interpolation_duration: 1 }
$data merge entity $(bone_head) { transformation: [-0.9999405050001497f,0.0005055213544027688f,-0.010896371332039575f,0f,0f,0.9989255533702734f,0.04634370317414233f,1.5f,0.010908091494182249f,0.04634094595552892f,-0.9988661222946252f,0f,0f,0f,0f,1f], start_interpolation: 0, interpolation_duration: 1 }
$data merge entity $(bone_breast) { transformation: [-0.9998286285719595f,-0.004026004279317946f,-0.018069443197218128f,0.002315290794085622f,0f,0.9760659701606798f,-0.2174746465551582f,1.4376325710467879f,0.01851252246223023f,-0.21743737761441542f,-0.9758987003415116f,0.12504476492162658f,0f,0f,0f,1f], start_interpolation: 0, interpolation_duration: 1 }
$data merge entity $(bone_body) { transformation: [-0.9998286285719595f,-0.000019628592863504985f,-0.018512512056253226f,0f,0f,0.9999994378952395f,-0.0010602873219223254f,1.5f,0.01851252246223023f,-0.0010601056189698344f,-0.9998280665635277f,0f,0f,0f,0f,1f], start_interpolation: 0, interpolation_duration: 1 }
$data merge entity $(bone_left_arm) { transformation: [-0.9934516479599961f,0f,-0.11425332890366084f,0.3125f,0f,1f,0f,1.32605f,0.11425332890366084f,0f,-0.9934516479599961f,-0.018749999999999965f,0f,0f,0f,1f], start_interpolation: 0, interpolation_duration: 1 }
$data merge entity $(bone_right_arm) { transformation: [-0.996867618796876f,0f,0.07908824561365813f,-0.3125f,0f,1f,0f,1.3349567592171143f,-0.07908824561365813f,0f,-0.996867618796876f,0.012499999999999964f,0f,0f,0f,1f], start_interpolation: 0, interpolation_duration: 1 }
$data merge entity $(bone_left_leg) { transformation: [-0.9913534952995487f,0f,-0.13121831944270435f,0.11874999850988388f,0f,1f,0f,0.75f,0.13121831944270435f,0f,-0.9913534952995487f,-0.006249999999999987f,0f,0f,0f,1f], start_interpolation: 0, interpolation_duration: 1 }
$data merge entity $(bone_right_leg) { transformation: [-0.9982645825433144f,0.0003864475618963362f,0.058886958640298026f,-0.11874999850988388f,-2.710505431213761e-20f,0.9999784672811068f,-0.006562390885053581f,0.75f,-0.0588882266639289f,-0.006551002397354064f,-0.9982430871926775f,0.012499999999999989f,0f,0f,0f,1f], start_interpolation: 0, interpolation_duration: 1 }