# This file was generated by Animated Java via MC-Build. It is not recommended to edit this file directly.
$data merge entity $(bone_left_ear) { transformation: [-0.9906254280008793f,0.12649060106491572f,-0.05158865418201042f,-0.012502921236137188f,0.13049513052094064f,0.9879250022283939f,-0.08351772795251755f,1.743805070354007f,0.04040151368943242f,-0.08946685315950481f,-0.9951700356609106f,-0.2863639766629886f,0f,0f,0f,1f], start_interpolation: 0, interpolation_duration: 1 }
$data merge entity $(bone_right_ear) { transformation: [-0.9903770231030744f,-0.13380681617771945f,-0.035342439840432546f,-0.012502921236137188f,-0.13049513052094064f,0.9879250022283939f,-0.08351772795251755f,1.743805070354007f,0.046090921229839495f,-0.078102022486041f,-0.9958793606977576f,-0.2863639766629886f,0f,0f,0f,1f], start_interpolation: 0, interpolation_duration: 1 }
$data merge entity $(bone_left_cheek) { transformation: [-0.9943914573417709f,-0.0009515519206527901f,-0.1057578560422402f,0.25236867435115484f,0.00135891093026888f,0.9997620270799091f,-0.02177251869110955f,1.6263336836996487f,0.10575340621839324f,-0.021794122097790976f,-0.994153526028648f,0.04879654259389568f,0f,0f,0f,1f], start_interpolation: 0, interpolation_duration: 1 }
$data merge entity $(bone_right_cheek) { transformation: [-0.9943914573417709f,-0.0009515519206527901f,-0.1057578560422402f,-0.24715543643977406f,0.00135891093026888f,0.9997620270799091f,-0.02177251869110955f,1.6263336836996487f,0.10575340621839324f,-0.021794122097790976f,-0.994153526028648f,0.07060623627656361f,0f,0f,0f,1f], start_interpolation: 0, interpolation_duration: 1 }
$data merge entity $(bone_floof) { transformation: [-0.9990499147119862f,-0.00680851155348478f,-0.043045465317489734f,0.006132516627986995f,0.0014184255928566957f,0.9821177609390809f,-0.18826229499515854f,1.5030677182079852f,0.043557502026753965f,-0.1881444865480586f,-0.9811750079362788f,0.1404577230692704f,0f,0f,0f,1f], start_interpolation: 0, interpolation_duration: 1 }
$data merge entity $(bone_eyes_default) { transformation: [-0.9990482215818578f,-0.0009515519206527901f,-0.04360900713235197f,0f,5.421010862427522e-20f,0.9997620270799091f,-0.021814885034561124f,1.5f,0.04361938736533587f,-0.021794122097790976f,-0.9988104751592563f,0f,0f,0f,0f,1f], start_interpolation: 0, interpolation_duration: 1 }
$data merge entity $(bone_eyes_closed) { transformation: [-0.000009990482215818578f,-9.515519206527902e-9f,-4.360900713235197e-7f,-0.010902251783087992f,5.421010862427523e-25f,0.000009997620270799092f,-2.1814885034561127e-7f,1.4945462787413597f,4.361938736533587e-7f,-2.1794122097790976e-7f,-0.000009988104751592564f,-0.24970261878981406f,0f,0f,0f,1f], start_interpolation: 0, interpolation_duration: 1 }
$data merge entity $(bone_head) { transformation: [-0.9990482215818578f,-0.0009515519206527901f,-0.04360900713235197f,0f,5.421010862427522e-20f,0.9997620270799091f,-0.021814885034561124f,1.5f,0.04361938736533587f,-0.021794122097790976f,-0.9988104751592563f,0f,0f,0f,0f,1f], start_interpolation: 0, interpolation_duration: 1 }
$data merge entity $(bone_breast) { transformation: [-0.9996573249755573f,-0.005888532121360891f,-0.025506034818622f,0.003286271075527f,1.3552527156068805e-20f,0.9743700647852352f,-0.22495105434386498f,1.4385931967457861f,0.02617694830787303f,-0.2248739692358193f,-0.9740361724994686f,0.12549762920675597f,0f,0f,0f,1f], start_interpolation: 0, interpolation_duration: 1 }
$data merge entity $(bone_body) { transformation: [-0.9996573249755573f,-0.00022843406864775354f,-0.026175951569892122f,0f,1.3552527156068805e-20f,0.9999619230641713f,-0.008726535498373935f,1.5f,0.02617694830787303f,-0.00872354513260873f,-0.9996192610877435f,0f,0f,0f,0f,1f], start_interpolation: 0, interpolation_duration: 1 }
$data merge entity $(bone_left_arm) { transformation: [-0.9922627510335629f,0f,-0.12415568014112621f,0.3125f,0f,1f,0f,1.32477f,0.12415568014112621f,0f,-0.9922627510335629f,-0.018749999999999965f,0f,0f,0f,1f], start_interpolation: 0, interpolation_duration: 1 }
$data merge entity $(bone_right_arm) { transformation: [-0.9977221101351269f,0f,0.06745806806831792f,-0.3125f,0f,1f,0f,1.33834f,-0.06745806806831792f,0f,-0.9977221101351269f,0.012499999999999964f,0f,0f,0f,1f], start_interpolation: 0, interpolation_duration: 1 }
$data merge entity $(bone_left_leg) { transformation: [-0.9862856015372314f,0f,-0.16504760586067754f,0.11874999850988388f,0f,1f,0f,0.75f,0.16504760586067754f,0f,-0.9862856015372314f,-0.006249999999999987f,0f,0f,0f,1f], start_interpolation: 0, interpolation_duration: 1 }
$data merge entity $(bone_right_leg) { transformation: [-0.9986631570270832f,-0.00003341362354946717f,0.05169040220610643f,-0.11874999850988388f,0f,0.9999997910717359f,0.0006464181964610346f,0.75f,-0.05169041300569469f,0.0006455540368375301f,-0.9986629483781233f,0.012499999999999989f,0f,0f,0f,1f], start_interpolation: 0, interpolation_duration: 1 }