# This file was generated by Animated Java via MC-Build. It is not recommended to edit this file directly.
$data merge entity $(bone_left_ear) { transformation: [-0.9909351102858276f,0.12822989628101963f,-0.04005871818435623f,-0.009272434657284329f,0.13052415648508658f,0.9895565417655529f,-0.061166128068206996f,1.7484253127466165f,0.031797040375974674f,-0.06584029426391264f,-0.9973234198967604f,-0.2824897315696132f,0f,0f,0f,1f], start_interpolation: 0, interpolation_duration: 1 }
$data merge entity $(bone_right_ear) { transformation: [-0.9908872792223876f,-0.13227150844096394f,-0.025429273092361506f,-0.009272434657284329f,-0.13052415648508658f,0.9895565417655529f,-0.061166128068206996f,1.7484253127466165f,0.033254239565963996f,-0.05728960380166435f,-0.9978036163730505f,-0.2824897315696132f,0f,0f,0f,1f], start_interpolation: 0, interpolation_duration: 1 }
$data merge entity $(bone_left_cheek) { transformation: [-0.9960499548498718f,-0.00018322400518377418f,-0.08879444730686906f,0.2518928910209232f,0.00031315482551705224f,0.9999844036286483f,-0.0055762382940484235f,1.6253471144892577f,0.08879408413640896f,-0.005582018310672323f,-0.9960343627074096f,0.053566055878123f,0f,0f,0f,1f], start_interpolation: 0, interpolation_duration: 1 }
$data merge entity $(bone_right_cheek) { transformation: [-0.9960499548498718f,-0.00018322400518377418f,-0.08879444730686906f,-0.2478379731751132f,0.00031315482551705224f,0.9999844036286483f,-0.0055762382940484235f,1.6253471144892577f,0.08879408413640896f,-0.005582018310672323f,-0.9960343627074096f,0.06996920709618454f,0f,0f,0f,1f], start_interpolation: 0, interpolation_duration: 1 }
$data merge entity $(bone_floof) { transformation: [-0.9994620518699061f,-0.005019966837402982f,-0.03240998002079636f,0.004613314327994193f,0.001298456834956744f,0.9813846453175219f,-0.1920481500688034f,1.5007853940802727f,0.03277073209198719f,-0.1919869210856647f,-0.9808501930724192f,0.14054711349597257f,0f,0f,0f,1f], start_interpolation: 0, interpolation_duration: 1 }
$data merge entity $(bone_eyes_default) { transformation: [-0.9994617283920728f,-0.00018322400518377418f,-0.032805790776847595f,0f,0f,0.9999844036286483f,-0.005585024570828376f,1.5f,0.03280630243612307f,-0.005582018310672323f,-0.9994461404158049f,0f,0f,0f,0f,1f], start_interpolation: 0, interpolation_duration: 1 }
$data merge entity $(bone_eyes_closed) { transformation: [-0.000009994617283920728f,-1.8322400518377419e-9f,-3.2805790776847595e-7f,-0.008201447694211899f,0f,0.000009999844036286484f,-5.5850245708283765e-8f,1.498603743857293f,3.2806302436123075e-7f,-5.5820183106723235e-8f,-0.00000999446140415805f,-0.24986153510395123f,0f,0f,0f,1f], start_interpolation: 0, interpolation_duration: 1 }
$data merge entity $(bone_head) { transformation: [-0.9994617283920728f,-0.00018322400518377418f,-0.032805790776847595f,0f,0f,0.9999844036286483f,-0.005585024570828376f,1.5f,0.03280630243612307f,-0.005582018310672323f,-0.9994461404158049f,0f,0f,0f,0f,1f], start_interpolation: 0, interpolation_duration: 1 }
$data merge entity $(bone_breast) { transformation: [-0.9996742297156127f,-0.005725209432434047f,-0.02487280481673147f,0.0032031751957598735f,-1.3552527156068805e-20f,0.9745169638568515f,-0.22431381400891046f,1.438511112191357f,0.025523213796394297f,-0.22424073923392876f,-0.9741994951883954f,0.12545958052186118f,0f,0f,0f,1f], start_interpolation: 0, interpolation_duration: 1 }
$data merge entity $(bone_body) { transformation: [-0.9996742297156127f,-0.000206038836719595f,-0.02552238214771919f,0f,-1.3552527156068805e-20f,0.9999674159891565f,-0.008072605525433573f,1.5f,0.025523213796394297f,-0.008069975710435806f,-0.9996416563196716f,0f,0f,0f,0f,1f], start_interpolation: 0, interpolation_duration: 1 }
$data merge entity $(bone_left_arm) { transformation: [-0.9921845458593592f,0f,-0.12477911266657182f,0.3125f,0f,1f,0f,1.32467f,0.12477911266657182f,0f,-0.9921845458593592f,-0.018749999999999965f,0f,0f,0f,1f], start_interpolation: 0, interpolation_duration: 1 }
$data merge entity $(bone_right_arm) { transformation: [-0.9977642983441076f,0f,0.06683116750357204f,-0.3125f,0f,1f,0f,1.3385f,-0.06683116750357204f,0f,-0.9977642983441076f,0.012499999999999964f,0f,0f,0f,1f], start_interpolation: 0, interpolation_duration: 1 }
$data merge entity $(bone_left_leg) { transformation: [-0.9863377634994053f,0f,-0.1647355951061918f,0.11874999850988388f,0f,1f,0f,0.75f,0.1647355951061918f,0f,-0.9863377634994053f,-0.006249999999999987f,0f,0f,0f,1f], start_interpolation: 0, interpolation_duration: 1 }
$data merge entity $(bone_right_leg) { transformation: [-0.9986532483128963f,-0.000023610149583730242f,0.05188149069428836f,-0.11874999850988388f,0f,0.9999998964518076f,0.0004550784262939688f,0.75f,-0.0518814960665235f,0.0004544655486555929f,-0.9986531449041576f,0.012499999999999989f,0f,0f,0f,1f], start_interpolation: 0, interpolation_duration: 1 }