# This file was generated by Animated Java via MC-Build. It is not recommended to edit this file directly.
$data merge entity $(bone_left_ear) { transformation: [-0.9911646068634267f,0.12942860471168172f,-0.028999282467949406f,-0.006275930355651163f,0.1305198459903899f,0.9906558006347955f,-0.0395683518898254f,1.7527612372273709f,0.023607030815280074f,-0.043003731826661104f,-0.9987959687268803f,-0.2787004344335684f,0f,0f,0f,1f], start_interpolation: 0, interpolation_duration: 1 }
$data merge entity $(bone_right_ear) { transformation: [-0.9912225599840873f,-0.13123319055464533f,-0.015990193102040116f,-0.006275930355651163f,-0.1305198459903899f,0.9906558006347955f,-0.0395683518898254f,1.7527612372273709f,0.021033458613297258f,-0.03713400551354907f,-0.9990889145883276f,-0.2787004344335684f,0f,0f,0f,1f], start_interpolation: 0, interpolation_duration: 1 }
$data merge entity $(bone_left_cheek) { transformation: [-0.9973816719063572f,0.00022199805140594084f,-0.07231701917352959f,0.2513713726172538f,-0.0004915278089534916f,0.9999513796460792f,0.009848692518085877f,1.6243776130522374f,0.0723156894850108f,0.009858451235764535f,-0.9973330697382593f,0.058085216707400224f,0f,0f,0f,1f], start_interpolation: 0, interpolation_duration: 1 }
$data merge entity $(bone_right_cheek) { transformation: [-0.9973816719063572f,0.00022199805140594084f,-0.07231701917352959f,-0.2485019042739567f,-0.0004915278089534916f,0.9999513796460792f,0.009848692518085877f,1.6243776130522374f,0.0723156894850108f,0.009858451235764535f,-0.9973330697382593f,0.06934163932043404f,0f,0f,0f,1f], start_interpolation: 0, interpolation_duration: 1 }
$data merge entity $(bone_floof) { transformation: [-0.999746176517733f,-0.0032685492667456836f,-0.022291234238252074f,0.003165714934251324f,0.0011780279042788865f,0.9804828133969787f,-0.19660128403294277f,1.4986133038420744f,0.02249877304277959f,-0.19657764170636488f,-0.9802300933927369f,0.14058252362125476f,0f,0f,0f,1f], start_interpolation: 0, interpolation_duration: 1 }
$data merge entity $(bone_eyes_default) { transformation: [-0.9997465537824209f,0.00022199805140594084f,-0.02251175064356497f,0f,-1.3552527156068805e-20f,0.9999513796460792f,0.009860950456359435f,1.5f,0.022512845226067627f,0.009858451235764535f,-0.999697945751145f,0f,0f,0f,0f,1f], start_interpolation: 0, interpolation_duration: 1 }
$data merge entity $(bone_eyes_closed) { transformation: [-0.00000999746553782421f,2.2199805140594087e-9f,-2.2511750643564972e-7f,-0.005627937660891242f,-1.3552527156068807e-25f,0.000009999513796460793f,9.860950456359436e-8f,1.50246523761409f,2.251284522606763e-7f,9.858451235764536e-8f,-0.000009996979457511452f,-0.24992448643778625f,0f,0f,0f,1f], start_interpolation: 0, interpolation_duration: 1 }
$data merge entity $(bone_head) { transformation: [-0.9997465537824209f,0.00022199805140594084f,-0.02251175064356497f,0f,-1.3552527156068805e-20f,0.9999513796460792f,0.009860950456359435f,1.5f,0.022512845226067627f,0.009858451235764535f,-0.999697945751145f,0f,0f,0f,0f,1f], start_interpolation: 0, interpolation_duration: 1 }
$data merge entity $(bone_breast) { transformation: [-0.9996906255499056f,-0.005563526175016257f,-0.024242532131324365f,0.003120544603392321f,0f,0.9746627141870424f,-0.2236796673225969f,1.4384294645008955f,0.024872739849851392f,-0.22361046654852165f,-0.9743611784458133f,0.12542161440410396f,0f,0f,0f,1f], start_interpolation: 0, interpolation_duration: 1 }
$data merge entity $(bone_body) { transformation: [-0.9996906255499056f,-0.00018460409478970728f,-0.024872054779743715f,0f,0f,0.9999724569905926f,-0.007421944502459398f,1.5f,0.024872739849851392f,-0.007419648342460319f,-0.9996630910616016f,0f,0f,0f,0f,1f], start_interpolation: 0, interpolation_duration: 1 }
$data merge entity $(bone_left_arm) { transformation: [-0.9921147013144779f,0f,-0.12533323356430412f,0.3125f,0f,1f,0f,1.32458f,0.12533323356430412f,0f,-0.9921147013144779f,-0.018749999999999965f,0f,0f,0f,1f], start_interpolation: 0, interpolation_duration: 1 }
$data merge entity $(bone_right_arm) { transformation: [-0.99780146829205f,0f,0.06627390040000024f,-0.3125f,0f,1f,0f,1.33864f,-0.06627390040000024f,0f,-0.99780146829205f,0.012499999999999964f,0f,0f,0f,1f], start_interpolation: 0, interpolation_duration: 1 }
$data merge entity $(bone_left_leg) { transformation: [-0.986486509099847f,0f,-0.16384250780550616f,0.11874999850988388f,0f,1f,0f,0.75f,0.16384250780550616f,0f,-0.986486509099847f,-0.006249999999999987f,0f,0f,0f,1f], start_interpolation: 0, interpolation_duration: 1 }
$data merge entity $(bone_right_leg) { transformation: [-0.9986441107728482f,-0.00001453708011236307f,0.0520570822019503f,-0.11874999850988388f,0f,0.9999999610089705f,0.00027925267668964216f,0.75f,-0.052057084231709606f,0.0002788740409936654f,-0.9986440718346863f,0.012499999999999989f,0f,0f,0f,1f], start_interpolation: 0, interpolation_duration: 1 }