# This file was generated by Animated Java via MC-Build. It is not recommended to edit this file directly.
$data merge entity $(bone_left_ear) { transformation: [-0.9913165503249752f,0.13012390236463472f,-0.01895434211967475f,-0.0036507775563321804f,0.13048942338807268f,0.9912574777635494f,-0.019522375923406988f,1.7566048332774948f,0.01624830562363309f,-0.021826195528435784f,-0.9996297363289648f,-0.2752129972618722f,0f,0f,0f,1f], start_interpolation: 0, interpolation_duration: 1 }
$data merge entity $(bone_right_ear) { transformation: [-0.991398733209832f,-0.13065707454984177f,-0.007568398774985784f,-0.0036507775563321804f,-0.13048942338807268f,0.9912574777635494f,-0.019522375923406988f,1.7566048332774948f,0.01005296840681577f,-0.01836686276759292f,-0.9997807740591375f,-0.2752129972618722f,0f,0f,0f,1f], start_interpolation: 0, interpolation_duration: 1 }
$data merge entity $(bone_left_cheek) { transformation: [-0.9983819235750889f,0.00031481376825214305f,-0.05686330601360204f,0.2508461322209924f,-0.0010352733989508046f,0.9997183030367047f,0.023711659208096706f,1.6234813973199618f,0.05685475254976189f,0.02373216099942884f,-0.9981003565006891f,0.06212738901384918f,0f,0f,0f,1f], start_interpolation: 0, interpolation_duration: 1 }
$data merge entity $(bone_right_cheek) { transformation: [-0.9983819235750889f,0.00031481376825214305f,-0.05686330601360204f,-0.24910988166853149f,-0.0010352733989508046f,0.9997183030367047f,0.023711659208096706f,1.6234813973199618f,0.05685475254976189f,0.02373216099942884f,-0.9981003565006891f,0.06875944568566553f,0f,0f,0f,1f], start_interpolation: 0, interpolation_duration: 1 }
$data merge entity $(bone_floof) { transformation: [-0.9999114416925591f,-0.0016536611728383555f,-0.013205081485291906f,0.001864740499197608f,0.001057277883738943f,0.9792426679670676f,-0.20268862670662113f,1.4966623712408407f,0.01326615753654044f,-0.20268463838550987f,-0.9791541995144334f,0.1405730187558647f,0f,0f,0f,1f], start_interpolation: 0, interpolation_duration: 1 }
$data merge entity $(bone_eyes_default) { transformation: [-0.9999120277790478f,0.00031481376825214305f,-0.013260376883182991f,0f,0f,0.9997183030367047f,0.023734248954021958f,1.5f,0.013264113343632698f,0.02373216099942884f,-0.99963035559726f,0f,0f,0f,0f,1f], start_interpolation: 0, interpolation_duration: 1 }
$data merge entity $(bone_eyes_closed) { transformation: [-0.000009999120277790478f,3.148137682521431e-9f,-1.3260376883182992e-7f,-0.0033150942207957478f,0f,0.000009997183030367048f,2.373424895402196e-7f,1.5059335622385055f,1.3264113343632698e-7f,2.3732160999428843e-7f,-0.0000099963035559726f,-0.249907588899315f,0f,0f,0f,1f], start_interpolation: 0, interpolation_duration: 1 }
$data merge entity $(bone_head) { transformation: [-0.9999120277790478f,0.00031481376825214305f,-0.013260376883182991f,0f,0f,0.9997183030367047f,0.023734248954021958f,1.5f,0.013264113343632698f,0.02373216099942884f,-0.99963035559726f,0f,0f,0f,0f,1f], start_interpolation: 0, interpolation_duration: 1 }
$data merge entity $(bone_breast) { transformation: [-0.9997064395743018f,-0.0054042772492450385f,-0.02361839243230108f,0.003038793898456106f,0f,0.9748065920097083f,-0.22305180603263006f,1.438348663754008f,0.024228798436424462f,-0.22298632684949837f,-0.9745204273715845f,0.12538392429145906f,0f,0f,0f,1f], start_interpolation: 0, interpolation_duration: 1 }
$data merge entity $(bone_body) { transformation: [-0.9997064395743018f,-0.00016421855992117287f,-0.024228241907688262f,0f,0f,0.9999770302791673f,-0.0067778251716475646f,1.5f,0.024228798436424462f,-0.006775835470404868f,-0.99968347659647f,0f,0f,0f,0f,1f], start_interpolation: 0, interpolation_duration: 1 }
$data merge entity $(bone_left_arm) { transformation: [-0.992053333476013f,0f,-0.1258180572856318f,0.3125f,0f,1f,0f,1.3245f,0.1258180572856318f,0f,-0.992053333476013f,-0.018749999999999965f,0f,0f,0f,1f], start_interpolation: 0, interpolation_duration: 1 }
$data merge entity $(bone_right_arm) { transformation: [-0.9978337366808248f,0f,0.06578627472035885f,-0.3125f,0f,1f,0f,1.33876f,-0.06578627472035885f,0f,-0.9978337366808248f,0.012499999999999964f,0f,0f,0f,1f], start_interpolation: 0, interpolation_duration: 1 }
$data merge entity $(bone_left_leg) { transformation: [-0.9867196308446498f,0f,-0.16243266329712777f,0.11874999850988388f,0f,1f,0f,0.75f,0.16243266329712777f,0f,-0.9867196308446498f,-0.006249999999999987f,0f,0f,0f,1f], start_interpolation: 0, interpolation_duration: 1 }
$data merge entity $(bone_right_leg) { transformation: [-0.9986365625585623f,-0.000007018777239844312f,0.05220168457009413f,-0.11874999850988388f,-4.235164736271502e-22f,0.9999999909609273f,0.00013445499382259532f,0.75f,-0.05220168504194896f,0.0001342716728498293f,-0.9986365535318137f,0.012499999999999989f,0f,0f,0f,1f], start_interpolation: 0, interpolation_duration: 1 }