# This file was generated by Animated Java via MC-Build. It is not recommended to edit this file directly.
$data merge entity $(bone_left_ear) { transformation: [-0.9914037026683624f,0.13041922281106483f,-0.010465402850296084f,-0.0015205963254037358f,0.13044508114410194f,0.9914538575962768f,-0.001824571941684977f,1.759758243790219f,0.01013800477262769f,-0.003174047702783872f,-0.9999435715481203f,-0.2722588934632555f,0f,0f,0f,1f], start_interpolation: 0, interpolation_duration: 1 }
$data merge entity $(bone_right_ear) { transformation: [-0.9914550941947928f,-0.1304465403238516f,-0.0007044946645212956f,-0.0015205963254037358f,-0.13044508114410194f,0.9914538575962768f,-0.001824571941684977f,1.759758243790219f,0.0009364830501604115f,-0.0017170832826293864f,-0.9999980873104195f,-0.2722588934632555f,0f,0f,0f,1f], start_interpolation: 0, interpolation_duration: 1 }
$data merge entity $(bone_left_cheek) { transformation: [-0.9990764183555298f,0.0001968628884219628f,-0.04296826190212562f,0.2503695558898835f,-0.0013179778196916185f,0.9993785839104777f,0.035223698777313774f,1.6227193012526764f,0.04294849497192303f,0.035247798031810405f,-0.998455316733581f,0.0654699059382044f,0f,0f,0f,1f], start_interpolation: 0, interpolation_duration: 1 }
$data merge entity $(bone_right_cheek) { transformation: [-0.9990764183555298f,0.0001968628884219628f,-0.04296826190212562f,-0.2496226459244406f,-0.0013179778196916185f,0.9993785839104777f,0.035223698777313774f,1.6227193012526764f,0.04294849497192303f,0.035247798031810405f,-0.998455316733581f,0.06826241822361848f,0f,0f,0f,1f], start_interpolation: 0, interpolation_duration: 1 }
$data merge entity $(bone_floof) { transformation: [-0.9999838947742461f,-0.0002662492673743725f,-0.0056691536808769405f,0.0007849060237546132f,0.0009363631014410168f,0.9774701018569217f,-0.21107184369299753f,1.4950432010937003f,0.005597625949635946f,-0.2110737527196277f,-0.9774541101742737f,0.14053542148560405f,0f,0f,0f,1f], start_interpolation: 0, interpolation_duration: 1 }
$data merge entity $(bone_eyes_default) { transformation: [-0.9999844036286483f,0.0001968628884219628f,-0.005581553946699472f,0f,0f,0.9993785839104777f,0.035248347778131885f,1.5f,0.005585024570828162f,0.035247798031810405f,-0.9993629972309621f,0f,0f,0f,0f,1f], start_interpolation: 0, interpolation_duration: 1 }
$data merge entity $(bone_eyes_closed) { transformation: [-0.000009999844036286484f,1.9686288842196282e-9f,-5.5815539466994725e-8f,-0.001395388486674868f,0f,0.000009993785839104778f,3.5248347778131886e-7f,1.508812086944533f,5.585024570828162e-8f,3.524779803181041e-7f,-0.000009993629972309621f,-0.24984074930774053f,0f,0f,0f,1f], start_interpolation: 0, interpolation_duration: 1 }
$data merge entity $(bone_head) { transformation: [-0.9999844036286483f,0.0001968628884219628f,-0.005581553946699472f,0f,0f,0.9993785839104777f,0.035248347778131885f,1.5f,0.005585024570828162f,0.035247798031810405f,-0.9993629972309621f,0f,0f,0f,0f,1f], start_interpolation: 0, interpolation_duration: 1 }
$data merge entity $(bone_breast) { transformation: [-0.9997216072180003f,-0.005248241387204236f,-0.023003565458423112f,0.0029583366985168765f,1.3552527156068805e-20f,0.9749478816867128f,-0.22243342373526379f,1.4382691195150286f,0.0235946617152762f,-0.2223714998756204f,-0.9746764632336253f,0.12534670573464773f,0f,0f,0f,1f], start_interpolation: 0, interpolation_duration: 1 }
$data merge entity $(bone_body) { transformation: [-0.9997216072180003f,-0.00014495428370809942f,-0.02359421644628096f,0f,1.3552527156068805e-20f,0.9999811284009659f,-0.006143520320710927f,1.5f,0.0235946617152762f,-0.006141810008997572f,-0.9997027408726832f,0f,0f,0f,0f,1f], start_interpolation: 0, interpolation_duration: 1 }
$data merge entity $(bone_left_arm) { transformation: [-0.9920005439003038f,0f,-0.1262335965640738f,0.3125f,0f,1f,0f,1.32443f,0.1262335965640738f,0f,-0.9920005439003038f,-0.018749999999999965f,0f,0f,0f,1f], start_interpolation: 0, interpolation_duration: 1 }
$data merge entity $(bone_right_arm) { transformation: [-0.997861205630565f,0f,0.06536829734294254f,-0.3125f,0f,1f,0f,1.33886f,-0.06536829734294254f,0f,-0.997861205630565f,0.012499999999999964f,0f,0f,0f,1f], start_interpolation: 0, interpolation_duration: 1 }
$data merge entity $(bone_left_leg) { transformation: [-0.987024406397454f,0f,-0.16057029979343432f,0.11874999850988388f,0f,1f,0f,0.75f,0.16057029979343432f,0f,-0.987024406397454f,-0.006249999999999987f,0f,0f,0f,1f], start_interpolation: 0, interpolation_duration: 1 }
$data merge entity $(bone_right_leg) { transformation: [-0.9986314286316131f,-0.0000018932227369215088f,0.05229980636292086f,-0.11874999850988388f,-1.0587911840678754e-22f,0.999999999344801f,0.000036199421514939194f,0.75f,-0.05229980639718764f,0.00003614988002310169f,-0.9986314279773107f,0.012499999999999989f,0f,0f,0f,1f], start_interpolation: 0, interpolation_duration: 1 }