# This file was generated by Animated Java via MC-Build. It is not recommended to edit this file directly.
$data merge entity $(bone_left_ear) { transformation: [-0.9914448613738104f,0.13046280361431162f,-0.004067398254339986f,3.307495036201526e-17f,0.13040196020729425f,0.991379447205455f,0.012732652225744295f,1.762030008091965f,0.005693472539768614f,0.012093325915564331f,-0.9999106639289026f,-0.2700774654785635f,0f,0f,0f,1f], start_interpolation: 0, interpolation_duration: 1 }
$data merge entity $(bone_right_ear) { transformation: [-0.9914448613738104f,-0.13046280361431162f,0.004067398254340231f,3.307495036201526e-17f,-0.13040196020729425f,0.991379447205455f,0.012732652225744295f,1.762030008091965f,-0.005693472539768857f,0.012093325915564303f,-0.9999106639289026f,-0.2700774654785635f,0f,0f,0f,1f], start_interpolation: 0, interpolation_duration: 1 }
$data merge entity $(bone_left_cheek) { transformation: [-0.9995143610285276f,-5.341834311772723e-18f,-0.031161548384732965f,0.25f,-0.0013592476498973328f,0.9990482215818578f,0.04359820409091964f,1.6221548159873986f,0.03113188949550448f,0.043619387365336f,-0.9985630448310775f,0.06789293726953315f,0f,0f,0f,1f], start_interpolation: 0, interpolation_duration: 1 }
$data merge entity $(bone_right_cheek) { transformation: [-0.9995143610285276f,-5.341834311772723e-18f,-0.031161548384732965f,-0.25f,-0.0013592476498973328f,0.9990482215818578f,0.04359820409091964f,1.6221548159873986f,0.03113188949550448f,0.043619387365336f,-0.9985630448310775f,0.06789293726953308f,0f,0f,0f,1f], start_interpolation: 0, interpolation_duration: 1 }
$data merge entity $(bone_floof) { transformation: [-0.9999996673852436f,0.0007910177328861418f,-0.00019879725437764854f,-1.720520446997922e-17f,0.0008154215006137206f,0.9749315508916864f,-0.22250349696961536f,1.4938660236517496f,0.00001780950379126626f,-0.22250358506522444f,-0.9749318716279328f,0.14049115615994875f,0f,0f,0f,1f], start_interpolation: 0, interpolation_duration: 1 }
$data merge entity $(bone_eyes_default) { transformation: [-1f,-5.341834311772723e-18f,1.223481206754078e-16f,0f,0f,0.9990482215818578f,0.043619387365336f,1.5f,-1.2246467991473532e-16f,0.043619387365336f,-0.9990482215818578f,0f,0f,0f,0f,1f], start_interpolation: 0, interpolation_duration: 1 }
$data merge entity $(bone_eyes_closed) { transformation: [-0.00001f,-5.341834311772724e-23f,1.223481206754078e-21f,3.058703016885195e-17f,0f,0.000009990482215818578f,4.3619387365336004e-7f,1.510904846841334f,-1.2246467991473532e-21f,4.3619387365336004e-7f,-0.000009990482215818578f,-0.24976205539546445f,0f,0f,0f,1f], start_interpolation: 0, interpolation_duration: 1 }
$data merge entity $(bone_head) { transformation: [-1f,-5.341834311772723e-18f,1.223481206754078e-16f,0f,0f,0.9990482215818578f,0.043619387365336f,1.5f,-1.2246467991473532e-16f,0.043619387365336f,-0.9990482215818578f,0f,0f,0f,0f,1f], start_interpolation: 0, interpolation_duration: 1 }
$data merge entity $(bone_breast) { transformation: [-0.9997360719761781f,-0.005096181659229083f,-0.022401234835118574f,0.00287958566349636f,0f,0.9750858754497645f,-0.22182771580297667f,1.4381912408479036f,0.022973602017141166f,-0.22176916925231588f,-0.9748285229616005f,0.12531015632615228f,0f,0f,0f,1f], start_interpolation: 0, interpolation_duration: 1 }
$data merge entity $(bone_body) { transformation: [-0.9997360719761781f,-0.0001268671860133445f,-0.022973251714964206f,0f,0f,0.9999847519698173f,-0.005522302768137351f,1.5f,0.022973602017141166f,-0.005520845277680811f,-0.9997208279703779f,0f,0f,0f,0f,1f], start_interpolation: 0, interpolation_duration: 1 }
$data merge entity $(bone_left_arm) { transformation: [-0.9919564196273365f,0f,-0.12657986237990398f,0.3125f,0f,1f,0f,1.32437f,0.12657986237990398f,0f,-0.9919564196273365f,-0.018749999999999965f,0f,0f,0f,1f], start_interpolation: 0, interpolation_duration: 1 }
$data merge entity $(bone_right_arm) { transformation: [-0.9978839626772222f,0f,0.0650199740972283f,-0.3125f,0f,1f,0f,1.33894f,-0.0650199740972283f,0f,-0.9978839626772222f,0.012499999999999964f,0f,0f,0f,1f], start_interpolation: 0, interpolation_duration: 1 }
$data merge entity $(bone_left_leg) { transformation: [-0.9873879149797652f,0f,-0.1583196303428982f,0.11874999850988388f,0f,1f,0f,0.75f,0.1583196303428982f,0f,-0.9873879149797652f,-0.006249999999999987f,0f,0f,0f,1f], start_interpolation: 0, interpolation_duration: 1 }
$data merge entity $(bone_right_leg) { transformation: [-0.9986295347545738f,0f,0.05233595624294395f,-0.11874999850988388f,0f,1f,0f,0.75f,-0.05233595624294395f,0f,-0.9986295347545738f,0.012499999999999989f,0f,0f,0f,1f], start_interpolation: 0, interpolation_duration: 1 }