# This file was generated by Animated Java via MC-Build. It is not recommended to edit this file directly.
$data merge entity $(bone_left_ear) { transformation: [-0.9914573612278833f,0.13042921951294872f,-0.0007208080781849931f,0.0006818359713387484f,0.13037937774959477f,0.9912040057331251f,0.022712042537720346f,1.7630546608722084f,0.0036767818362015174f,0.022424043253833004f,-0.9997417884431355f,-0.26907869293780134f,0f,0f,0f,1f], start_interpolation: 0, interpolation_duration: 1 }
$data merge entity $(bone_right_ear) { transformation: [-0.9914259955044867f,-0.13054118730603032f,0.00578738755132231f,0.0006818359713387484f,-0.13037937774959477f,0.9912040057331251f,0.022712042537720346f,1.7630546608722084f,-0.008701338722619776f,0.021762753395162485f,-0.9997252969036522f,-0.26907869293780134f,0f,0f,0f,1f], start_interpolation: 0, interpolation_duration: 1 }
$data merge entity $(bone_left_cheek) { transformation: [-0.9997490747640968f,-0.00012015107030624133f,-0.022400291784986603f,0.24982598433359016f,-0.0011821232713510495f,0.9988752106534349f,0.04740164687674276f,1.6218958772852683f,0.02236940081682038f,0.0474162325135221f,-0.9986247096889401f,0.06899001849983505f,0f,0f,0f,1f], start_interpolation: 0, interpolation_duration: 1 }
$data merge entity $(bone_right_cheek) { transformation: [-0.9997490747640968f,-0.00012015107030624133f,-0.022400291784986603f,-0.25017241042957356f,-0.0011821232713510495f,0.9988752106534349f,0.04740164687674276f,1.6218958772852683f,0.02236940081682038f,0.0474162325135221f,-0.9986247096889401f,0.06772304010240408f,0f,0f,0f,1f], start_interpolation: 0, interpolation_duration: 1 }
$data merge entity $(bone_floof) { transformation: [-0.999996619039031f,0.0011437730998429384f,0.002335314454880283f,-0.00035593686945765437f,0.0006522783601828259f,0.9796902708446866f,-0.20051570448522354f,1.493332070895575f,-0.002517229319695431f,-0.2005135032743699f,-0.9796877046085611f,0.14046637553309094f,0f,0f,0f,1f], start_interpolation: 0, interpolation_duration: 1 }
$data merge entity $(bone_eyes_default) { transformation: [-0.9999967895263273f,-0.00012015107030624133f,0.002531106627254431f,0f,0f,0.9988752106534349f,0.04741638474257698f,1.5f,-0.002533956794861948f,0.0474162325135221f,-0.9988720037908688f,0f,0f,0f,0f,1f], start_interpolation: 0, interpolation_duration: 1 }
$data merge entity $(bone_eyes_closed) { transformation: [-0.000009999967895263273f,-1.2015107030624134e-9f,2.5311066272544314e-8f,0.0006327766568136078f,0f,0.00000998875210653435f,4.7416384742576983e-7f,1.5118540961856441f,-2.5339567948619483e-8f,4.7416232513522105e-7f,-0.00000998872003790869f,-0.2497180009477172f,0f,0f,0f,1f], start_interpolation: 0, interpolation_duration: 1 }
$data merge entity $(bone_head) { transformation: [-0.9999967895263273f,-0.00012015107030624133f,0.002531106627254431f,0f,0f,0.9988752106534349f,0.04741638474257698f,1.5f,-0.002533956794861948f,0.0474162325135221f,-0.9988720037908688f,0f,0f,0f,0f,1f], start_interpolation: 0, interpolation_duration: 1 }
$data merge entity $(bone_breast) { transformation: [-0.9997497850355294f,-0.004948846189092981f,-0.021814587844136556f,0.0028029525336666383f,0f,0.9752198730376198f,-0.22123787928943983f,1.4381154363378337f,0.022368891823531415f,-0.22118252226133384f,-0.9749758584317366f,0.12527447560232413f,0f,0f,0f,1f], start_interpolation: 0, interpolation_duration: 1 }
$data merge entity $(bone_body) { transformation: [-0.9997497850355294f,-0.00010999780305842718f,-0.022368621367803893f,0f,0f,0.9999879092925276f,-0.004917445348933771f,1.5f,0.022368891823531415f,-0.0049162149305205f,-0.9997376973533328f,0f,0f,0f,0f,1f], start_interpolation: 0, interpolation_duration: 1 }
$data merge entity $(bone_left_arm) { transformation: [-0.9919210331845499f,0f,-0.12685686392976528f,0.3125f,0f,1f,0f,1.32432f,0.12685686392976528f,0f,-0.9919210331845499f,-0.018749999999999965f,0f,0f,0f,1f], start_interpolation: 0, interpolation_duration: 1 }
$data merge entity $(bone_right_arm) { transformation: [-0.9979020807705041f,0f,0.06474130979442931f,-0.3125f,0f,1f,0f,1.339f,-0.06474130979442931f,0f,-0.9979020807705041f,0.012499999999999964f,0f,0f,0f,1f], start_interpolation: 0, interpolation_duration: 1 }
$data merge entity $(bone_left_leg) { transformation: [-0.9877973117517589f,0f,-0.15574489043303602f,0.11874999850988388f,0f,1f,0f,0.75f,0.15574489043303602f,0f,-0.9877973117517589f,-0.006249999999999987f,0f,0f,0f,1f], start_interpolation: 0, interpolation_duration: 1 }
$data merge entity $(bone_right_leg) { transformation: [-0.998630619243859f,-0.0000010842748001482064f,0.052315258839568966f,-0.11874999850988388f,0f,0.9999999997852209f,0.000020725784865948698f,0.75f,-0.05231525885080519f,0.000020697403374997347f,-0.998630619029374f,0.012499999999999989f,0f,0f,0f,1f], start_interpolation: 0, interpolation_duration: 1 }