# This file was generated by Animated Java via MC-Build. It is not recommended to edit this file directly.
$data merge entity $(bone_left_ear) { transformation: [-0.9914640092066593f,0.13036642777200816f,0.0019269036880946483f,0.0011726468406415107f,0.13036184030380213f,0.9909614227295898f,0.03164252288224276f,1.7637946381508753f,0.00221563545363485f,0.031623617309110064f,-0.9994973925868058f,-0.26835159079505355f,0f,0f,0f,1f], start_interpolation: 0, interpolation_duration: 1 }
$data merge entity $(bone_right_ear) { transformation: [-0.9914067818906551f,-0.13063782254419662f,0.006808240751171823f,0.0011726468406415107f,-0.13036184030380213f,0.9909614227295898f,0.03164252288224276f,1.7637946381508753f,-0.010880414230207906f,0.03048307698803161f,-0.9994760620462707f,-0.26835159079505355f,0f,0f,0f,1f], start_interpolation: 0, interpolation_duration: 1 }
$data merge entity $(bone_left_cheek) { transformation: [-0.9998972220010622f,-0.00021921774867860456f,-0.014335179738573938f,0.24969744395444415f,-0.0009380631491397874f,0.9987408510625027f,0.050158074688688534f,1.621707178519424f,0.014306134072025974f,0.050166366845990504f,-0.9986384081164646f,0.06978394643081083f,0f,0f,0f,1f], start_interpolation: 0, interpolation_duration: 1 }
$data merge entity $(bone_right_cheek) { transformation: [-0.9998972220010622f,-0.00021921774867860456f,-0.014335179738573938f,-0.2502977822928632f,-0.0009380631491397874f,0.9987408510625027f,0.050158074688688534f,1.621707178519424f,0.014306134072025974f,0.050166366845990504f,-0.9986384081164646f,0.06759905972804287f,0f,0f,0f,1f], start_interpolation: 0, interpolation_duration: 1 }
$data merge entity $(bone_floof) { transformation: [-0.9999903934608549f,0.0012629187527646384f,0.004197382783151826f,-0.0006137256389055809f,0.0004891723841513583f,0.9837657485552693f,-0.17945671533790258f,1.4929452873073752f,-0.004355880666750137f,-0.17945293813619864f,-0.9837569157560737f,0.14044659125327558f,0f,0f,0f,1f], start_interpolation: 0, interpolation_duration: 1 }
$data merge entity $(bone_eyes_default) { transformation: [-0.9999904524946147f,-0.00021921774867860456f,0.004364271209995242f,0f,0f,0.9987408510625027f,0.05016684581422108f,1.5f,-0.0043697734055359256f,0.050166366845990504f,-0.9987313155788486f,0f,0f,0f,0f,1f], start_interpolation: 0, interpolation_duration: 1 }
$data merge entity $(bone_eyes_closed) { transformation: [-0.000009999904524946148f,-2.192177486786046e-9f,4.3642712099952426e-8f,0.0010910678024988105f,0f,0.000009987408510625027f,5.016684581422108e-7f,1.5125417114535553f,-4.369773405535926e-8f,5.01663668459905e-7f,-0.000009987313155788487f,-0.24968282889471216f,0f,0f,0f,1f], start_interpolation: 0, interpolation_duration: 1 }
$data merge entity $(bone_head) { transformation: [-0.9999904524946147f,-0.00021921774867860456f,0.004364271209995242f,0f,0f,0.9987408510625027f,0.05016684581422108f,1.5f,-0.0043697734055359256f,0.050166366845990504f,-0.9987313155788486f,0f,0f,0f,0f,1f], start_interpolation: 0, interpolation_duration: 1 }
$data merge entity $(bone_breast) { transformation: [-0.9997627047926922f,-0.004806969078473509f,-0.021246815146714778f,0.0027288481810321136f,6.776263578034403e-21f,0.9753491812285132f,-0.22066711281219287f,1.4380421141197228f,0.02178380374498607f,-0.22061474956391208f,-0.9751177355423561f,0.12523986491868888f,0f,0f,0f,1f], start_interpolation: 0, interpolation_duration: 1 }
$data merge entity $(bone_body) { transformation: [-0.9997627047926922f,-0.0000943722498934896f,-0.021783599323310164f,0f,6.776263578034403e-21f,0.9999906158870004f,-0.004332220901283645f,1.5f,0.02178380374498607f,-0.004331192886026773f,-0.9997533229064978f,0f,0f,0f,0f,1f], start_interpolation: 0, interpolation_duration: 1 }
$data merge entity $(bone_left_arm) { transformation: [-0.9918944425900297f,0f,-0.12706460860135035f,0.3125f,0f,1f,0f,1.32428f,0.12706460860135035f,0f,-0.9918944425900297f,-0.018749999999999965f,0f,0f,0f,1f], start_interpolation: 0, interpolation_duration: 1 }
$data merge entity $(bone_right_arm) { transformation: [-0.997915618272179f,0f,0.0645323082529581f,-0.3125f,0f,1f,0f,1.33904f,-0.0645323082529581f,0f,-0.997915618272179f,0.012499999999999964f,0f,0f,0f,1f], start_interpolation: 0, interpolation_duration: 1 }
$data merge entity $(bone_left_leg) { transformation: [-0.9882400602817405f,0f,-0.15291037654241083f,0.11874999850988388f,0f,1f,0f,0.75f,0.15291037654241083f,0f,-0.9882400602817405f,-0.006249999999999987f,0f,0f,0f,1f], start_interpolation: 0, interpolation_duration: 1 }
$data merge entity $(bone_right_leg) { transformation: [-0.9986336421309364f,-0.0000041042963253627935f,0.05225752374018093f,-0.11874999850988388f,0f,0.9999999969157486f,0.00007853981625899945f,0.75f,-0.05225752390135627f,0.00007843250276301916f,-0.9986336390508992f,0.012499999999999989f,0f,0f,0f,1f], start_interpolation: 0, interpolation_duration: 1 }