# This file was generated by Animated Java via MC-Build. It is not recommended to edit this file directly.
$data merge entity $(bone_left_ear) { transformation: [-0.9914672968047124f,0.13029569994536272f,0.003953472208643382f,0.001496076372092716f,0.13034968721194015f,0.9906753250481708f,0.03964037568503377f,1.764283382225564f,0.0012483631306119186f,0.03981746999056144f,-0.9992061902695784f,-0.26786865836619506f,0f,0f,0f,1f], start_interpolation: 0, interpolation_duration: 1 }
$data merge entity $(bone_right_ear) { transformation: [-0.9913915000584429f,-0.1307323276080638f,0.007207782602731924f,0.001496076372092716f,-0.13034968721194015f,0.9906753250481708f,0.03964037568503377f,1.764283382225564f,-0.01232285095340056f,0.03835959930550808f,-0.9991880145825915f,-0.26786865836619506f,0f,0f,0f,1f], start_interpolation: 0, interpolation_duration: 1 }
$data merge entity $(bone_left_cheek) { transformation: [-0.9999762278444224f,-0.0002903507142137432f,-0.006889081397593557f,0.24961121505663064f,-0.0006480908544785631f,0.9986477426092855f,0.05198332578455066f,1.6215817574765512f,0.0068646721905896765f,0.051986554779492204f,-0.9986241907734233f,0.07030908594815877f,0f,0f,0f,1f], start_interpolation: 0, interpolation_duration: 1 }
$data merge entity $(bone_right_cheek) { transformation: [-0.9999762278444224f,-0.0002903507142137432f,-0.006889081397593557f,-0.2503809867576935f,-0.0006480908544785631f,0.9986477426092855f,0.05198332578455066f,1.6215817574765512f,0.0068646721905896765f,0.051986554779492204f,-0.9986241907734233f,0.06751657366274455f,0f,0f,0f,1f], start_interpolation: 0, interpolation_duration: 1 }
$data merge entity $(bone_floof) { transformation: [-0.9999844054572555f,0.0012096892693134226f,0.005452109148839369f,-0.0007843320253230759f,0.00032609750527043467f,0.9872407850036929f,-0.1592341862971304f,1.4926892767133786f,-0.005575168402497488f,-0.15922992519361395f,-0.9872257839117251f,0.14043264853053405f,0f,0f,0f,1f], start_interpolation: 0, interpolation_duration: 1 }
$data merge entity $(bone_eyes_default) { transformation: [-0.9999844036286483f,-0.0002903507142137432f,0.0055774721800752065f,0f,2.710505431213761e-20f,0.9986477426092855f,0.051987365593751604f,1.5f,-0.005585024570828432f,0.051986554779492204f,-0.9986321673282421f,0f,0f,0f,0f,1f], start_interpolation: 0, interpolation_duration: 1 }
$data merge entity $(bone_eyes_closed) { transformation: [-0.000009999844036286484f,-2.9035071421374323e-9f,5.577472180075207e-8f,0.0013943680450188016f,2.7105054312137613e-25f,0.000009986477426092855f,5.198736559375161e-7f,1.5129968413984378f,-5.585024570828433e-8f,5.198655477949221e-7f,-0.000009986321673282423f,-0.24965804183206053f,0f,0f,0f,1f], start_interpolation: 0, interpolation_duration: 1 }
$data merge entity $(bone_head) { transformation: [-0.9999844036286483f,-0.0002903507142137432f,0.0055774721800752065f,0f,2.710505431213761e-20f,0.9986477426092855f,0.051987365593751604f,1.5f,-0.005585024570828432f,0.051986554779492204f,-0.9986321673282421f,0f,0f,0f,0f,1f], start_interpolation: 0, interpolation_duration: 1 }
$data merge entity $(bone_breast) { transformation: [-0.9997747962655587f,-0.004671271541049821f,-0.02070111046177411f,0.0026576826742944213f,0f,0.9754731132677348f,-0.22011861641340777f,1.4379716819134853f,0.021221610498753284f,-0.2200690448789714f,-0.9752534330797797f,0.12520652729854348f,0f,0f,0f,1f], start_interpolation: 0, interpolation_duration: 1 }
$data merge entity $(bone_body) { transformation: [-0.9997747962655587f,-0.000080003397263507f,-0.021221459695723616f,0f,0f,0.9999928938932473f,-0.003769902254506415f,1.5f,0.021221610498753284f,-0.0037690532584402207f,-0.9997676917591277f,0f,0f,0f,0f,1f], start_interpolation: 0, interpolation_duration: 1 }
$data merge entity $(bone_left_arm) { transformation: [-0.991876691355078f,0f,-0.12720310195314885f,0.3125f,0f,1f,0f,1.32425f,0.12720310195314885f,0f,-0.991876691355078f,-0.018749999999999965f,0f,0f,0f,1f], start_interpolation: 0, interpolation_duration: 1 }
$data merge entity $(bone_right_arm) { transformation: [-0.9979246189547337f,0f,0.06439297231879813f,-0.3125f,0f,1f,0f,1.33906f,-0.06439297231879813f,0f,-0.9979246189547337f,0.012499999999999964f,0f,0f,0f,1f], start_interpolation: 0, interpolation_duration: 1 }
$data merge entity $(bone_left_leg) { transformation: [-0.9887041231277591f,0f,-0.14988047541347382f,0.11874999850988388f,0f,1f,0f,0.75f,0.14988047541347382f,0f,-0.9887041231277591f,-0.006249999999999987f,0f,0f,0f,1f], start_interpolation: 0, interpolation_duration: 1 }
$data merge entity $(bone_right_leg) { transformation: [-0.9986382555661292f,-0.000008706903198128455f,0.052169286405205954f,-0.11874999850988388f,8.470329472543003e-22f,0.9999999860726774f,0.00016689710894714766f,0.75f,-0.052169287131784446f,0.00016666983773800973f,-0.998638241657772f,0.012499999999999989f,0f,0f,0f,1f], start_interpolation: 0, interpolation_duration: 1 }