# This file was generated by Animated Java via MC-Build. It is not recommended to edit this file directly.
$data merge entity $(bone_left_ear) { transformation: [-0.9914687344745903f,0.1302312919714874f,0.005436832790481241f,0.0016744889542411197f,0.13034277813969813f,0.9903627880890695f,0.046822090462410364f,1.7645533741103268f,0.0007132644529704796f,0.04713129066641311f,-0.9988884485736824f,-0.26760095447061405f,0f,0f,0f,1f], start_interpolation: 0, interpolation_duration: 1 }
$data merge entity $(bone_right_ear) { transformation: [-0.9913821692080389f,-0.1308109104584955f,0.007064013121640597f,0.0016744889542411197f,-0.13034277813969813f,0.9903627880890695f,0.046822090462410364f,1.7645533741103268f,-0.013120776013203689f,0.0454978425143895f,-0.9988782666388069f,-0.26760095447061405f,0f,0f,0f,1f], start_interpolation: 0, interpolation_duration: 1 }
$data merge entity $(bone_left_cheek) { transformation: [-0.9999999449045592f,-0.00033160113337777426f,0.000015217313990353344f,0.24956312466249544f,-0.00033032877245832697f,0.9985948101508683f,0.05299335828812299f,1.6215122020305008f,-0.000032768588445038216f,0.0529933503417139f,-0.9985948646702426f,0.07059944451899394f,0f,0f,0f,1f], start_interpolation: 0, interpolation_duration: 1 }
$data merge entity $(bone_right_cheek) { transformation: [-0.9999999449045592f,-0.00033160113337777426f,0.000015217313990353344f,-0.2504270868292112f,-0.00033032877245832697f,0.9985948101508683f,0.05299335828812299f,1.6215122020305008f,-0.000032768588445038216f,0.0529933503417139f,-0.9985948646702426f,0.06747080064689788f,0f,0f,0f,1f], start_interpolation: 0, interpolation_duration: 1 }
$data merge entity $(bone_floof) { transformation: [-0.9999804415438851f,0.0010351920502097785f,0.00616805537553622f,-0.0008786946187927816f,0.00016304370243395947f,0.9901866438475388f,-0.13975114941458766f,1.4925476642136952f,-0.006252195330249639f,-0.1397474104352796f,-0.9901674461070642f,0.14042464602802127f,0f,0f,0f,1f], start_interpolation: 0, interpolation_duration: 1 }
$data merge entity $(bone_eyes_default) { transformation: [-0.9999804229834134f,-0.00033160113337777426f,0.006248495066970891f,0f,0f,0.9985948101508683f,0.052994387813723134f,1.5f,-0.006257287744192126f,0.0529933503417139f,-0.9985752606437067f,0f,0f,0f,0f,1f], start_interpolation: 0, interpolation_duration: 1 }
$data merge entity $(bone_eyes_closed) { transformation: [-0.000009999804229834135f,-3.316011333777743e-9f,6.248495066970891e-8f,0.0015621237667427228f,0f,0.000009985948101508684f,5.299438781372314e-7f,1.5132485969534308f,-6.257287744192126e-8f,5.29933503417139e-7f,-0.000009985752606437068f,-0.24964381516092668f,0f,0f,0f,1f], start_interpolation: 0, interpolation_duration: 1 }
$data merge entity $(bone_head) { transformation: [-0.9999804229834134f,-0.00033160113337777426f,0.006248495066970891f,0f,0f,0.9985948101508683f,0.052994387813723134f,1.5f,-0.006257287744192126f,0.0529933503417139f,-0.9985752606437067f,0f,0f,0f,0f,1f], start_interpolation: 0, interpolation_duration: 1 }
$data merge entity $(bone_breast) { transformation: [-0.9997860303974616f,-0.0045424632465304315f,-0.020180670200464573f,0.002589865357570356f,0f,0.9755909881902822f,-0.2195955913990727f,1.4379045470662517f,0.02068558488624382f,-0.21954860461766187f,-0.9753822413742992f,0.12517466725492948f,0f,0f,0f,1f], start_interpolation: 0, interpolation_duration: 1 }
$data merge entity $(bone_body) { transformation: [-0.9997860303974616f,-0.00006689226287598019f,-0.02068547672912486f,0f,0f,0.9999947713772873f,-0.0032337622186580962f,1.5f,0.02068558488624382f,-0.003233070291841466f,-0.9997808028935152f,0f,0f,0f,0f,1f], start_interpolation: 0, interpolation_duration: 1 }
$data merge entity $(bone_left_arm) { transformation: [-0.9918678084861506f,0f,-0.12727234769925808f,0.3125f,0f,1f,0f,1.32423f,0.12727234769925808f,0f,-0.9918678084861506f,-0.018749999999999965f,0f,0f,0f,1f], start_interpolation: 0, interpolation_duration: 1 }
$data merge entity $(bone_right_arm) { transformation: [-0.9979291120003767f,0f,0.06432330388078307f,-0.3125f,0f,1f,0f,1.33906f,-0.06432330388078307f,0f,-0.9979291120003767f,0.012499999999999964f,0f,0f,0f,1f], start_interpolation: 0, interpolation_duration: 1 }
$data merge entity $(bone_left_leg) { transformation: [-0.989178110487112f,0f,-0.1467196842047681f,0.11874999850988388f,0f,1f,0f,0.75f,0.1467196842047681f,0f,-0.989178110487112f,-0.006249999999999987f,0f,0f,0f,1f], start_interpolation: 0, interpolation_duration: 1 }
$data merge entity $(bone_right_leg) { transformation: [-0.9986441107728482f,-0.00001453708011236313f,0.0520570822019503f,-0.11874999850988388f,-8.470329472543003e-22f,0.9999999610089705f,0.00027925267668964335f,0.75f,-0.052057084231709606f,0.0002788740409936666f,-0.9986440718346863f,0.012499999999999989f,0f,0f,0f,1f], start_interpolation: 0, interpolation_duration: 1 }