# This file was generated by Animated Java via MC-Build. It is not recommended to edit this file directly.
$data merge entity $(bone_left_ear) { transformation: [-0.9912935405544109f,0.1310891713889211f,-0.01235902907458667f,-0.0033314983936284953f,0.13038372527613512f,0.9903627174986296f,0.04670944199888066f,1.7628641601491797f,0.018363023667624365f,0.04469135188485065f,-0.9988320591713538f,-0.26924504995917686f,0f,0f,0f,1f], start_interpolation: 0, interpolation_duration: 1 }
$data merge entity $(bone_right_ear) { transformation: [-0.9914444064171967f,-0.12994323139119665f,-0.01235902907458667f,-0.0033314983936284953f,-0.13038372527613512f,0.9903627174986296f,0.04670944199888066f,1.7628641601491797f,0.006170345790137999f,0.04792123124819939f,-0.9988320591713538f,-0.26924504995917686f,0f,0f,0f,1f], start_interpolation: 0, interpolation_duration: 1 }
$data merge entity $(bone_left_cheek) { transformation: [-0.9999234572783993f,0.0005779141343960232f,-0.01235902907458667f,0.25082554290356096f,5.421010862427522e-20f,0.9989085183479782f,0.04670944199888066f,1.6219442246685671f,0.01237253346785586f,0.04670586673106562f,-0.9988320591713538f,0.06517210367262885f,0f,0f,0f,1f], start_interpolation: 0, interpolation_duration: 1 }
$data merge entity $(bone_right_cheek) { transformation: [-0.9999234572783993f,0.0005779141343960232f,-0.01235902907458667f,-0.24913618573563864f,5.421010862427522e-20f,0.9989085183479782f,0.04670944199888066f,1.6219442246685671f,0.01237253346785586f,0.04670586673106562f,-0.9988320591713538f,0.07135837040655678f,0f,0f,0f,1f], start_interpolation: 0, interpolation_duration: 1 }
$data merge entity $(bone_floof) { transformation: [-0.9999234572783993f,-0.0015769885564060411f,-0.012271621388642079f,0.0017379884636137505f,5.421010862427522e-20f,0.9918438629019712f,-0.12745882324772814f,1.4934314847189074f,0.01237253346785586f,-0.12744906720250473f,-0.9917679444733019f,0.14046075832097163f,0f,0f,0f,1f], start_interpolation: 0, interpolation_duration: 1 }
$data merge entity $(bone_eyes_default) { transformation: [-0.9999234572783993f,0.0005779141343960232f,-0.01235902907458667f,0f,5.421010862427522e-20f,0.9989085183479782f,0.04670944199888066f,1.5f,0.01237253346785586f,0.04670586673106562f,-0.9988320591713538f,0f,0f,0f,0f,1f], start_interpolation: 0, interpolation_duration: 1 }
$data merge entity $(bone_eyes_closed) { transformation: [-0.000009999234572783993f,5.779141343960232e-9f,-1.2359029074586672e-7f,-0.0030897572686466677f,5.421010862427523e-25f,0.000009989085183479782f,4.6709441998880665e-7f,1.5116773604997202f,1.237253346785586e-7f,4.6705866731065625e-7f,-0.000009988320591713538f,-0.24970801479283844f,0f,0f,0f,1f], start_interpolation: 0, interpolation_duration: 1 }
$data merge entity $(bone_head) { transformation: [-0.9999234572783993f,0.0005779141343960232f,-0.01235902907458667f,0f,5.421010862427522e-20f,0.9989085183479782f,0.04670944199888066f,1.5f,0.01237253346785586f,0.04670586673106562f,-0.9988320591713538f,0f,0f,0f,0f,1f], start_interpolation: 0, interpolation_duration: 1 }
$data merge entity $(bone_breast) { transformation: [-0.999821971808744f,-0.004110004777886514f,-0.01841555182992818f,0.0023602450913203024f,0f,0.9759884533019711f,-0.21782226475093436f,1.4376771181094485f,0.018868616496050292f,-0.21778348624712549f,-0.975814699842943f,0.12506613304954015f,0f,0f,0f,1f], start_interpolation: 0, interpolation_duration: 1 }
$data merge entity $(bone_body) { transformation: [-0.999821971808744f,-0.000026726325367672622f,-0.018868597567878582f,0f,0f,0.9999989968436894f,-0.001416443297433448f,1.5f,0.018868616496050292f,-0.0014161911305951894f,-0.9998209688310236f,0f,0f,0f,0f,1f], start_interpolation: 0, interpolation_duration: 1 }
$data merge entity $(bone_left_arm) { transformation: [-0.9936512433068135f,0f,-0.11250425180775929f,0.3125f,0f,1f,0f,1.326290625f,0.11250425180775929f,0f,-0.9936512433068135f,-0.018749999999999965f,0f,0f,0f,1f], start_interpolation: 0, interpolation_duration: 1 }
$data merge entity $(bone_right_arm) { transformation: [-0.9966948015386183f,0f,0.08123713797207699f,-0.3125f,0f,1f,0f,1.3343710884160218f,-0.08123713797207699f,0f,-0.9966948015386183f,0.012499999999999964f,0f,0f,0f,1f], start_interpolation: 0, interpolation_duration: 1 }
$data merge entity $(bone_left_leg) { transformation: [-0.990972965887965f,0f,-0.13406185467615364f,0.11874999850988388f,0f,1f,0f,0.75f,0.13406185467615364f,0f,-0.990972965887965f,-0.006249999999999987f,0f,0f,0f,1f], start_interpolation: 0, interpolation_duration: 1 }
$data merge entity $(bone_right_leg) { transformation: [-0.998178891243219f,0.0004825856417167394f,0.06032137421806932f,-0.11874999850988388f,-5.421010862427522e-20f,0.9999679995934174f,-0.007999986821179536f,0.75f,-0.06032330458834254f,-0.007985417975125355f,-0.9981469491128572f,0.012499999999999989f,0f,0f,0f,1f], start_interpolation: 0, interpolation_duration: 1 }