# This file was generated by Animated Java via MC-Build. It is not recommended to edit this file directly.
$data merge entity $(bone_left_ear) { transformation: [-0.9914691222303631f,0.13018184711052685f,0.006454947454852815f,0.001729312505026528f,0.13034062560512877f,0.990035342995326f,0.053304230010298236f,1.764636394426144f,0.000548617004062989f,0.053690840028989516f,-0.9985574558914295f,-0.2675185053849365f,0f,0f,0f,1f], start_interpolation: 0, interpolation_duration: 1 }
$data merge entity $(bone_right_ear) { transformation: [-0.9913791724892895f,-0.13086508322622417f,0.006454947454852815f,0.001729312505026528f,-0.13034062560512877f,0.990035342995326f,0.053304230010298236f,1.764636394426144f,-0.013366288614089488f,0.05200336154827447f,-0.9985574558914295f,-0.2675185053849365f,0f,0f,0f,1f], start_interpolation: 0, interpolation_duration: 1 }
$data merge entity $(bone_left_cheek) { transformation: [-0.9999791072456058f,-0.0003445658666033055f,0.006454947454852815f,0.24954827186214773f,2.710505431213761e-20f,0.9985783189429907f,0.053304230010298236f,1.62149077549223f,-0.00646413739653938f,0.05330311633811246f,-0.9985574558914295f,0.07068876488461324f,0f,0f,0f,1f], start_interpolation: 0, interpolation_duration: 1 }
$data merge entity $(bone_right_cheek) { transformation: [-0.9999791072456058f,-0.0003445658666033055f,0.006454947454852815f,-0.25044128176065517f,2.710505431213761e-20f,0.9985783189429907f,0.053304230010298236f,1.62149077549223f,-0.00646413739653938f,0.05330311633811246f,-0.9985574558914295f,0.06745669618634356f,0f,0f,0f,1f], start_interpolation: 0, interpolation_duration: 1 }
$data merge entity $(bone_floof) { transformation: [-0.9999791072456058f,0.000781558725616676f,0.006416715533647362f,-0.0009077269858386772f,2.710505431213761e-20f,0.9926638528881818f,-0.12090688635966934f,1.4925040926548019f,-0.00646413739653938f,-0.12090436028178807f,-0.9926431134061073f,0.1404221422347323f,0f,0f,0f,1f], start_interpolation: 0, interpolation_duration: 1 }
$data merge entity $(bone_eyes_default) { transformation: [-0.9999791072456058f,-0.0003445658666033055f,0.006454947454852815f,0f,2.710505431213761e-20f,0.9985783189429907f,0.053304230010298236f,1.5f,-0.00646413739653938f,0.05330311633811246f,-0.9985574558914295f,0f,0f,0f,0f,1f], start_interpolation: 0, interpolation_duration: 1 }
$data merge entity $(bone_eyes_closed) { transformation: [-0.000009999791072456058f,-3.4456586660330555e-9f,6.454947454852815e-8f,0.0016137368637132038f,2.7105054312137613e-25f,0.000009985783189429907f,5.330423001029824e-7f,1.5133260575025747f,-6.46413739653938e-8f,5.330311633811247e-7f,-0.000009985574558914296f,-0.24963936397285738f,0f,0f,0f,1f], start_interpolation: 0, interpolation_duration: 1 }
$data merge entity $(bone_head) { transformation: [-0.9999791072456058f,-0.0003445658666033055f,0.006454947454852815f,0f,2.710505431213761e-20f,0.9985783189429907f,0.053304230010298236f,1.5f,-0.00646413739653938f,0.05330311633811246f,-0.9985574558914295f,0f,0f,0f,0f,1f], start_interpolation: 0, interpolation_duration: 1 }
$data merge entity $(bone_breast) { transformation: [-0.9997963832542408f,-0.004421243874849851f,-0.019688693058159942f,0.0025258049430028646f,0f,0.9757021300385285f,-0.2191012401568698f,1.4378411166015104f,0.020178999770537012f,-0.21905662747535723f,-0.9755034607459797f,0.12514449058605365f,0f,0f,0f,1f], start_interpolation: 0, interpolation_duration: 1 }
$data merge entity $(bone_body) { transformation: [-0.9997963832542408f,-0.000055029617065427467f,-0.020178924735490204f,0f,0f,0.9999962815279418f,-0.002727073576053815f,1.5f,0.020178999770537012f,-0.0027265182982068124f,-0.9997926655393258f,0f,0f,0f,0f,1f], start_interpolation: 0, interpolation_duration: 1 }
$data merge entity $(bone_left_arm) { transformation: [-0.9918678084861506f,0f,-0.12727234769925808f,0.3125f,0f,1f,0f,1.32422f,0.12727234769925808f,0f,-0.9918678084861506f,-0.018749999999999965f,0f,0f,0f,1f], start_interpolation: 0, interpolation_duration: 1 }
$data merge entity $(bone_right_arm) { transformation: [-0.9979291120003767f,0f,0.06432330388078308f,-0.3125f,0f,1f,0f,1.33904f,-0.06432330388078308f,0f,-0.9979291120003767f,0.012499999999999964f,0f,0f,0f,1f], start_interpolation: 0, interpolation_duration: 1 }
$data merge entity $(bone_left_leg) { transformation: [-0.9896513868196702f,0f,-0.1434926219911792f,0.11874999850988388f,0f,1f,0f,0.75f,0.1434926219911792f,0f,-0.9896513868196702f,-0.006249999999999987f,0f,0f,0f,1f], start_interpolation: 0, interpolation_duration: 1 }
$data merge entity $(bone_right_leg) { transformation: [-0.9986508598300037f,-0.000021241522634520407f,0.05192744659226079f,-0.11874999850988388f,0f,0.999999916334328f,0.00040906153202803464f,0.75f,-0.05192745093680586f,0.00040850965068317535f,-0.9986507762772084f,0.012499999999999989f,0f,0f,0f,1f], start_interpolation: 0, interpolation_duration: 1 }