# This file was generated by Animated Java via MC-Build. It is not recommended to edit this file directly.
$data merge entity $(bone_left_ear) { transformation: [-0.9914687843493459f,0.13019325172521906f,0.006274302036392897f,0.0016813437683234553f,0.13034250975912648f,0.9900496545658031f,0.05303311836792182f,1.7645637530428393f,0.0006926835656758824f,0.05339848967290867f,-0.9985730426414134f,-0.26759065035800533f,0f,0f,0f,1f], start_interpolation: 0, interpolation_duration: 1 }
$data merge entity $(bone_right_ear) { transformation: [-0.9913817978527732f,-0.1308539797643119f,0.006274302036392897f,0.0016813437683234553f,-0.13034250975912648f,0.9900496545658031f,0.05303311836792182f,1.7645637530428393f,-0.013151465161526701f,0.05175825995891903f,-0.9985730426414134f,-0.26759065035800533f,0f,0f,0f,1f], start_interpolation: 0, interpolation_duration: 1 }
$data merge entity $(bone_left_cheek) { transformation: [-0.9999802608561371f,-0.00033321471764818813f,0.006274302036392897f,0.2495612694970537f,2.710505431213761e-20f,0.9985927540074452f,0.05303311836792182f,1.6215095243529356f,-0.006283143965559074f,0.05303207153956886f,-0.9985730426414134f,0.07061061009892422f,0f,0f,0f,1f], start_interpolation: 0, interpolation_duration: 1 }
$data merge entity $(bone_right_cheek) { transformation: [-0.9999802608561371f,-0.00033321471764818813f,0.006274302036392897f,-0.25042886093101485f,2.710505431213761e-20f,0.9985927540074452f,0.05303311836792182f,1.6215095243529356f,-0.006283143965559074f,0.05303207153956886f,-0.9985730426414134f,0.06746903811614469f,0f,0f,0f,1f], start_interpolation: 0, interpolation_duration: 1 }
$data merge entity $(bone_floof) { transformation: [-0.9999802608561371f,0.0007613686773938271f,0.006236843418671419f,-0.0008823237238677512f,2.710505431213761e-20f,0.9926309906089289f,-0.12117638582965054f,1.492542217729511f,-0.006283143965559074f,-0.12117399391153788f,-0.9926113969230026f,0.14042433412144878f,0f,0f,0f,1f], start_interpolation: 0, interpolation_duration: 1 }
$data merge entity $(bone_eyes_default) { transformation: [-0.9999802608561371f,-0.00033321471764818813f,0.006274302036392897f,0f,2.710505431213761e-20f,0.9985927540074452f,0.05303311836792182f,1.5f,-0.006283143965559074f,0.05303207153956886f,-0.9985730426414134f,0f,0f,0f,0f,1f], start_interpolation: 0, interpolation_duration: 1 }
$data merge entity $(bone_eyes_closed) { transformation: [-0.000009999802608561372f,-3.3321471764818815e-9f,6.274302036392898e-8f,0.0015685755090982243f,2.7105054312137613e-25f,0.000009985927540074452f,5.303311836792182e-7f,1.5132582795919804f,-6.283143965559075e-8f,5.303207153956887e-7f,-0.000009985730426414135f,-0.24964326066035336f,0f,0f,0f,1f], start_interpolation: 0, interpolation_duration: 1 }
$data merge entity $(bone_head) { transformation: [-0.9999802608561371f,-0.00033321471764818813f,0.006274302036392897f,0f,2.710505431213761e-20f,0.9985927540074452f,0.05303311836792182f,1.5f,-0.006283143965559074f,0.05303207153956886f,-0.9985730426414134f,0f,0f,0f,0f,1f], start_interpolation: 0, interpolation_duration: 1 }
$data merge entity $(bone_breast) { transformation: [-0.9998058351141833f,-0.004308304880704461f,-0.01922837956473127f,0.0024659096173702062f,-3.3881317890172014e-21f,0.9758058669748656f,-0.21863876595295495f,1.4377817972752076f,0.0197051280541507f,-0.21859631398192858f,-0.9756163997401252f,0.12511620414420985f,0f,0f,0f,1f], start_interpolation: 0, interpolation_duration: 1 }
$data merge entity $(bone_body) { transformation: [-0.9998058351141833f,-0.00004439780284134356f,-0.019705078037540978f,0f,-3.3881317890172014e-21f,0.9999974617465269f,-0.0022531090749238537f,1.5f,0.0197051280541507f,-0.0022526716002575884f,-0.9998032973535499f,0f,0f,0f,0f,1f], start_interpolation: 0, interpolation_duration: 1 }
$data merge entity $(bone_left_arm) { transformation: [-0.991876691355078f,0f,-0.12720310195314885f,0.3125f,0f,1f,0f,1.32422f,0.12720310195314885f,0f,-0.991876691355078f,-0.018749999999999965f,0f,0f,0f,1f], start_interpolation: 0, interpolation_duration: 1 }
$data merge entity $(bone_right_arm) { transformation: [-0.9979246189547337f,0f,0.06439297231879813f,-0.3125f,0f,1f,0f,1.339f,-0.06439297231879813f,0f,-0.9979246189547337f,0.012499999999999964f,0f,0f,0f,1f], start_interpolation: 0, interpolation_duration: 1 }
$data merge entity $(bone_left_leg) { transformation: [-0.9901141353189408f,0f,-0.14026403331441098f,0.11874999850988388f,0f,1f,0f,0.75f,0.14026403331441098f,0f,-0.9901141353189408f,-0.006249999999999987f,0f,0f,0f,1f], start_interpolation: 0, interpolation_duration: 1 }
$data merge entity $(bone_right_leg) { transformation: [-0.9986581570266659f,-0.000028471346568915587f,0.05178691527292905f,-0.11874999850988388f,-1.6940658945086007e-21f,0.9999998488716865f,0.0005497786866825029f,0.75f,-0.05178692309939941f,0.0005490409700148891f,-0.9986580061011427f,0.012499999999999989f,0f,0f,0f,1f], start_interpolation: 0, interpolation_duration: 1 }