# This file was generated by Animated Java via MC-Build. It is not recommended to edit this file directly.
$data merge entity $(bone_left_ear) { transformation: [-0.9914677680721984f,0.13022369525170505f,0.005783949249809337f,0.0015510109792675685f,0.1303475754612014f,0.9900881323931726f,0.052297224262724755f,1.7643664852885088f,0.0010837182842985266f,0.052604935977438226f,-0.9986148137622883f,-0.267786329600939f,0f,0f,0f,1f], start_interpolation: 0, interpolation_duration: 1 }
$data merge entity $(bone_right_ear) { transformation: [-0.9913886955688844f,-0.13082431054395485f,0.005783949249809337f,0.0015510109792675685f,-0.1303475754612014f,0.9900881323931726f,0.052297224262724755f,1.7643664852885088f,-0.012568367818134174f,0.05109295318239284f,-0.9986148137622883f,-0.267786329600939f,0f,0f,0f,1f], start_interpolation: 0, interpolation_duration: 1 }
$data merge entity $(bone_left_cheek) { transformation: [-0.9999832269509714f,-0.00030289898896523036f,0.005783949249809337f,0.2495964475360091f,0f,0.9986315638584704f,0.052297224262724755f,1.6215603689658886f,-0.005791875060969992f,0.052296347078818146f,-0.9986148137622883f,0.07039843801023779f,0f,0f,0f,1f], start_interpolation: 0, interpolation_duration: 1 }
$data merge entity $(bone_right_cheek) { transformation: [-0.9999832269509714f,-0.00030289898896523036f,0.005783949249809337f,-0.2503951659394766f,0f,0.9986315638584704f,0.052297224262724755f,1.6215603689658886f,-0.005791875060969992f,0.052296347078818146f,-0.9986148137622883f,0.06750250047975279f,0f,0f,0f,1f], start_interpolation: 0, interpolation_duration: 1 }
$data merge entity $(bone_floof) { transformation: [-0.9999832269509714f,0.0007060749742348821f,0.005748675921692347f,-0.000813367863254438f,0f,0.9925414241807885f,-0.12190783930975066f,1.4926457028380544f,-0.005791875060969992f,-0.12190579454358495f,-0.9925247762348178f,0.1404302081853218f,0f,0f,0f,1f], start_interpolation: 0, interpolation_duration: 1 }
$data merge entity $(bone_eyes_default) { transformation: [-0.9999832269509714f,-0.00030289898896523036f,0.005783949249809337f,0f,0f,0.9986315638584704f,0.052297224262724755f,1.5f,-0.005791875060969992f,0.052296347078818146f,-0.9986148137622883f,0f,0f,0f,0f,1f], start_interpolation: 0, interpolation_duration: 1 }
$data merge entity $(bone_eyes_closed) { transformation: [-0.000009999832269509715f,-3.0289898896523038e-9f,5.783949249809338e-8f,0.0014459873124523343f,0f,0.000009986315638584704f,5.229722426272476e-7f,1.5130743060656813f,-5.7918750609699924e-8f,5.229634707881815e-7f,-0.000009986148137622885f,-0.24965370344057208f,0f,0f,0f,1f], start_interpolation: 0, interpolation_duration: 1 }
$data merge entity $(bone_head) { transformation: [-0.9999832269509714f,-0.00030289898896523036f,0.005783949249809337f,0f,0f,0.9986315638584704f,0.052297224262724755f,1.5f,-0.005791875060969992f,0.052296347078818146f,-0.9986148137622883f,0f,0f,0f,0f,1f], start_interpolation: 0, interpolation_duration: 1 }
$data merge entity $(bone_breast) { transformation: [-0.9998143694508437f,-0.004204331468523201f,-0.018802931593625106f,0.002410587162758746f,0f,0.9759015302892964f,-0.2182113727077703f,1.4377269956388268f,0.019267242657208625f,-0.2181708660108224f,-0.9757203731523064f,0.12509001557823882f,0f,0f,0f,1f], start_interpolation: 0, interpolation_duration: 1 }
$data merge entity $(bone_body) { transformation: [-0.9998143694508437f,-0.00003497277029911192f,-0.019267210916920414f,0f,0f,0.9999983526294461f,-0.0018151414253366061f,1.5f,0.019267242657208625f,-0.0018148044796370245f,-0.9998127223860921f,0f,0f,0f,0f,1f], start_interpolation: 0, interpolation_duration: 1 }
$data merge entity $(bone_left_arm) { transformation: [-0.9918944425900297f,0f,-0.12706460860135035f,0.3125f,0f,1f,0f,1.32423f,0.12706460860135035f,0f,-0.9918944425900297f,-0.018749999999999965f,0f,0f,0f,1f], start_interpolation: 0, interpolation_duration: 1 }
$data merge entity $(bone_right_arm) { transformation: [-0.997915618272179f,0f,0.0645323082529581f,-0.3125f,0f,1f,0f,1.33894f,-0.0645323082529581f,0f,-0.997915618272179f,0.012499999999999964f,0f,0f,0f,1f], start_interpolation: 0, interpolation_duration: 1 }
$data merge entity $(bone_left_leg) { transformation: [-0.9905573800893929f,0f,-0.13709878464245412f,0.11874999850988388f,0f,1f,0f,0.75f,0.13709878464245412f,0f,-0.9905573800893929f,-0.006249999999999987f,0f,0f,0f,1f], start_interpolation: 0, interpolation_duration: 1 }
$data merge entity $(bone_right_leg) { transformation: [-0.9986656597889763f,-0.00003588394188154209f,0.05164202426891834f,-0.11874999850988388f,0f,0.99999975858535f,0.0006948591525338443f,0.75f,-0.051642036736062574f,0.0006939319740256205f,-0.9986654186964554f,0.012499999999999989f,0f,0f,0f,1f], start_interpolation: 0, interpolation_duration: 1 }