# This file was generated by Animated Java via MC-Build. It is not recommended to edit this file directly.
$data merge entity $(bone_left_ear) { transformation: [-0.9914660062217773f,0.1302671957354168f,0.005061247066609018f,0.001358590564909985f,0.13035491168513633f,0.9901438565462982f,0.05121269708952926f,1.7640755132697092f,0.001659971746434426f,0.05143540666558568f,-0.9986749438305473f,-0.2680743180967109f,0f,0f,0f,1f], start_interpolation: 0, interpolation_duration: 1 }
$data merge entity $(bone_right_ear) { transformation: [-0.9913982525057166f,-0.130781836302838f,0.005061247066609018f,0.001358590564909985f,-0.13035491168513633f,0.9901438565462982f,0.05121269708952926f,1.7640755132697092f,-0.011709053256855536f,0.05011241998627942f,-0.9986749438305473f,-0.2680743180967109f,0f,0f,0f,1f], start_interpolation: 0, interpolation_duration: 1 }
$data merge entity $(bone_left_cheek) { transformation: [-0.9999871581259235f,-0.00025954069029520516f,0.005061247066609018f,0.24964801900353092f,0f,0.9986877688531166f,0.05121269708952926f,1.621635177538544f,-0.005067897319320638f,0.051212039422522115f,-0.9986749438305473f,0.07008566324705463f,0f,0f,0f,1f], start_interpolation: 0, interpolation_duration: 1 }
$data merge entity $(bone_right_cheek) { transformation: [-0.9999871581259235f,-0.00025954069029520516f,0.005061247066609018f,-0.25034556005943087f,0f,0.9986877688531166f,0.05121269708952926f,1.621635177538544f,-0.005067897319320638f,0.051212039422522115f,-0.9986749438305473f,0.06755171458739431f,0f,0f,0f,1f], start_interpolation: 0, interpolation_duration: 1 }
$data merge entity $(bone_floof) { transformation: [-0.9999871581259235f,0.0006232786458138944f,0.005029424119007036f,-0.0007117378687418931f,0f,0.9924084491280184f,-0.12298564997316208f,1.4927982144717848f,-0.005067897319320638f,-0.12298407060693192f,-0.9923957047436823f,0.14043866397617072f,0f,0f,0f,1f], start_interpolation: 0, interpolation_duration: 1 }
$data merge entity $(bone_eyes_default) { transformation: [-0.9999871581259235f,-0.00025954069029520516f,0.005061247066609018f,0f,0f,0.9986877688531166f,0.05121269708952926f,1.5f,-0.005067897319320638f,0.051212039422522115f,-0.9986749438305473f,0f,0f,0f,0f,1f], start_interpolation: 0, interpolation_duration: 1 }
$data merge entity $(bone_eyes_closed) { transformation: [-0.000009999871581259236f,-2.5954069029520518e-9f,5.061247066609019e-8f,0.0012653117666522546f,0f,0.000009986877688531166f,5.121269708952927e-7f,1.5128031742723824f,-5.0678973193206384e-8f,5.121203942252212e-7f,-0.000009986749438305474f,-0.24966873595763683f,0f,0f,0f,1f], start_interpolation: 0, interpolation_duration: 1 }
$data merge entity $(bone_head) { transformation: [-0.9999871581259235f,-0.00025954069029520516f,0.005061247066609018f,0f,0f,0.9986877688531166f,0.05121269708952926f,1.5f,-0.005067897319320638f,0.051212039422522115f,-0.9986749438305473f,0f,0f,0f,0f,1f], start_interpolation: 0, interpolation_duration: 1 }
$data merge entity $(bone_breast) { transformation: [-0.999821971808744f,-0.004110004777886516f,-0.018415551829928187f,0.0023602450913203033f,0f,0.9759884533019711f,-0.21782226475093439f,1.4376771181094485f,0.0188686164960503f,-0.21778348624712549f,-0.975814699842943f,0.12506613304954015f,0f,0f,0f,1f], start_interpolation: 0, interpolation_duration: 1 }
$data merge entity $(bone_body) { transformation: [-0.999821971808744f,-0.00002672632536767271f,-0.01886859756787859f,0f,0f,0.9999989968436894f,-0.001416443297433452f,1.5f,0.0188686164960503f,-0.0014161911305951935f,-0.9998209688310236f,0f,0f,0f,0f,1f], start_interpolation: 0, interpolation_duration: 1 }
$data merge entity $(bone_left_arm) { transformation: [-0.9919210331845499f,0f,-0.12685686392976528f,0.3125f,0f,1f,0f,1.32425f,0.12685686392976528f,0f,-0.9919210331845499f,-0.018749999999999965f,0f,0f,0f,1f], start_interpolation: 0, interpolation_duration: 1 }
$data merge entity $(bone_right_arm) { transformation: [-0.9979020807705041f,0f,0.06474130979442931f,-0.3125f,0f,1f,0f,1.33886f,-0.06474130979442931f,0f,-0.9979020807705041f,0.012499999999999964f,0f,0f,0f,1f], start_interpolation: 0, interpolation_duration: 1 }
$data merge entity $(bone_left_leg) { transformation: [-0.990972965887965f,0f,-0.13406185467615364f,0.11874999850988388f,0f,1f,0f,0.75f,0.13406185467615364f,0f,-0.990972965887965f,-0.006249999999999987f,0f,0f,0f,1f], start_interpolation: 0, interpolation_duration: 1 }
$data merge entity $(bone_right_leg) { transformation: [-0.9986730291792945f,-0.00004314397113313793f,0.05149930998032695f,-0.11874999850988388f,0f,0.9999996490807529f,0.0008377579429621353f,0.75f,-0.051499328052432375f,0.0008366462626170102f,-0.998672678725707f,0.012499999999999989f,0f,0f,0f,1f], start_interpolation: 0, interpolation_duration: 1 }