# This file was generated by Animated Java via MC-Build. It is not recommended to edit this file directly.
$data merge entity $(bone_left_ear) { transformation: [-0.9914634436898337f,0.1303178331916176f,0.004183560557403522f,0.00112437591501603f,0.1303636132766104f,0.9902099516955245f,0.04989569016070805f,1.7637217714413942f,0.0023596949298819447f,0.05001513686264119f,-0.9987456722932266f,-0.268423407225627f,0f,0f,0f,1f], start_interpolation: 0, interpolation_duration: 1 }
$data merge entity $(bone_right_ear) { transformation: [-0.9914088832279919f,-0.1307322610440454f,0.004183560557403522f,0.00112437591501603f,-0.1303636132766104f,0.9902099516955245f,0.04989569016070805f,1.7637217714413942f,-0.010665579688524334f,0.04892164638949283f,-0.9987456722932266f,-0.268423407225627f,0f,0f,0f,1f], start_interpolation: 0, interpolation_duration: 1 }
$data merge entity $(bone_left_cheek) { transformation: [-0.9999912270311376f,-0.00020900196701484225f,0.004183560557403522f,0.24971020897706983f,0f,0.9987544343347802f,0.04989569016070805f,1.6217258236568033f,-0.004188777955404004f,0.0498952524273719f,-0.9987456722932266f,0.06970570556059916f,0f,0f,0f,1f], start_interpolation: 0, interpolation_duration: 1 }
$data merge entity $(bone_right_cheek) { transformation: [-0.9999912270311376f,-0.00020900196701484225f,0.004183560557403522f,-0.25028540453849896f,0f,0.9987544343347802f,0.04989569016070805f,1.6217258236568033f,-0.004188777955404004f,0.0498952524273719f,-0.9987456722932266f,0.06761131658289715f,0f,0f,0f,1f], start_interpolation: 0, interpolation_duration: 1 }
$data merge entity $(bone_floof) { transformation: [-0.9999912270311376f,0.0005206409094413504f,0.004156295682827994f,-0.0005883132033848703f,0f,0.9922454059580544f,-0.12429422494684017f,1.4929834185711504f,-0.004188777955404004f,-0.12429313451747495f,-0.9922367010200042f,0.140448610166235f,0f,0f,0f,1f], start_interpolation: 0, interpolation_duration: 1 }
$data merge entity $(bone_eyes_default) { transformation: [-0.9999912270311376f,-0.00020900196701484225f,0.004183560557403522f,0f,0f,0.9987544343347802f,0.04989569016070805f,1.5f,-0.004188777955404004f,0.0498952524273719f,-0.9987456722932266f,0f,0f,0f,0f,1f], start_interpolation: 0, interpolation_duration: 1 }
$data merge entity $(bone_eyes_closed) { transformation: [-0.000009999912270311377f,-2.090019670148423e-9f,4.183560557403522e-8f,0.0010458901393508805f,0f,0.000009987544343347803f,4.989569016070805e-7f,1.512473922540177f,-4.188777955404004e-8f,4.989525242737191e-7f,-0.000009987456722932266f,-0.24968641807330666f,0f,0f,0f,1f], start_interpolation: 0, interpolation_duration: 1 }
$data merge entity $(bone_head) { transformation: [-0.9999912270311376f,-0.00020900196701484225f,0.004183560557403522f,0f,0f,0.9987544343347802f,0.04989569016070805f,1.5f,-0.004188777955404004f,0.0498952524273719f,-0.9987456722932266f,0f,0f,0f,0f,1f], start_interpolation: 0, interpolation_duration: 1 }
$data merge entity $(bone_breast) { transformation: [-0.9998286285719595f,-0.004026004279317946f,-0.018069443197218128f,0.002315290794085622f,0f,0.9760659701606798f,-0.2174746465551582f,1.4376325710467879f,0.01851252246223023f,-0.21743737761441542f,-0.9758987003415116f,0.12504476492162658f,0f,0f,0f,1f], start_interpolation: 0, interpolation_duration: 1 }
$data merge entity $(bone_body) { transformation: [-0.9998286285719595f,-0.000019628592863504962f,-0.018512512056253226f,0f,0f,0.9999994378952395f,-0.0010602873219223241f,1.5f,0.01851252246223023f,-0.001060105618969833f,-0.9998280665635277f,0f,0f,0f,0f,1f], start_interpolation: 0, interpolation_duration: 1 }
$data merge entity $(bone_left_arm) { transformation: [-0.9919564196273365f,0f,-0.12657986237990398f,0.3125f,0f,1f,0f,1.32428f,0.12657986237990398f,0f,-0.9919564196273365f,-0.018749999999999965f,0f,0f,0f,1f], start_interpolation: 0, interpolation_duration: 1 }
$data merge entity $(bone_right_arm) { transformation: [-0.9978839626772222f,0f,0.0650199740972283f,-0.3125f,0f,1f,0f,1.33876f,-0.0650199740972283f,0f,-0.9978839626772222f,0.012499999999999964f,0f,0f,0f,1f], start_interpolation: 0, interpolation_duration: 1 }
$data merge entity $(bone_left_leg) { transformation: [-0.9913534952995487f,0f,-0.13121831944270432f,0.11874999850988388f,0f,1f,0f,0.75f,0.13121831944270432f,0f,-0.9913534952995487f,-0.006249999999999987f,0f,0f,0f,1f], start_interpolation: 0, interpolation_duration: 1 }
$data merge entity $(bone_right_leg) { transformation: [-0.9986799299675652f,-0.00004992351234619365f,0.05136530918452621f,-0.11874999850988388f,0f,0.9999995276758539f,0.0009719300741822996f,0.75f,-0.051365333445613476f,0.0009706470584177494f,-0.9986794582669201f,0.012499999999999989f,0f,0f,0f,1f], start_interpolation: 0, interpolation_duration: 1 }