# This file was generated by Animated Java via MC-Build. It is not recommended to edit this file directly.
$data merge entity $(bone_left_ear) { transformation: [-0.9914601277686735f,0.13037021593182868f,0.0032282879074942176f,0.0008687973355214592f,0.130372825072716f,0.9902799222336792f,0.04846237822700296f,1.7633362960378323f,0.0031211420160430284f,0.048469396723566247f,-0.9988197915809284f,-0.268802535107586f,0f,0f,0f,1f], start_interpolation: 0, interpolation_duration: 1 }
$data merge entity $(bone_right_ear) { transformation: [-0.9914192379449066f,-0.1306808049788754f,0.0032282879074942176f,0.0008687973355214592f,-0.130372825072716f,0.9902799222336792f,0.04846237822700296f,1.7633362960378323f,-0.009530011295876772f,0.047625653076164995f,-0.9988197915809284f,-0.268802535107586f,0f,0f,0f,1f], start_interpolation: 0, interpolation_duration: 1 }
$data merge entity $(bone_left_cheek) { transformation: [-0.9999947767977605f,-0.00015663455384515816f,0.0032282879074942176f,0.2497773468859911f,0f,0.9988250086459504f,0.04846237822700296f,1.6218242274415562f,-0.003232085580106391f,0.04846212509820047f,-0.9988197915809284f,0.06929202400610968f,0f,0f,0f,1f], start_interpolation: 0, interpolation_duration: 1 }
$data merge entity $(bone_right_cheek) { transformation: [-0.9999947767977605f,-0.00015663455384515816f,0.0032282879074942176f,-0.2502200415128892f,0f,0.9988250086459504f,0.04846237822700296f,1.6218242274415562f,-0.003232085580106391f,0.04846212509820047f,-0.9988197915809284f,0.06767598121605649f,0f,0f,0f,1f], start_interpolation: 0, interpolation_duration: 1 }
$data merge entity $(bone_floof) { transformation: [-0.9999947767977605f,0.00040633138910423875f,0.0032064422650907474f,-0.00045397798699137437f,0f,0.9920660160815422f,-0.12571801675216265f,1.4931849780618278f,-0.003232085580106391f,-0.12571736010153606f,-0.9920608343201053f,0.14045903319106806f,0f,0f,0f,1f], start_interpolation: 0, interpolation_duration: 1 }
$data merge entity $(bone_eyes_default) { transformation: [-0.9999947767977605f,-0.00015663455384515816f,0.0032282879074942176f,0f,0f,0.9988250086459504f,0.04846237822700296f,1.5f,-0.003232085580106391f,0.04846212509820047f,-0.9988197915809284f,0f,0f,0f,0f,1f], start_interpolation: 0, interpolation_duration: 1 }
$data merge entity $(bone_eyes_closed) { transformation: [-0.000009999947767977606f,-1.5663455384515819e-9f,3.2282879074942176e-8f,0.0008070719768735544f,0f,0.000009988250086459505f,4.846237822700296e-7f,1.5121155945567508f,-3.232085580106391e-8f,4.846212509820048e-7f,-0.000009988197915809284f,-0.2497049478952321f,0f,0f,0f,1f], start_interpolation: 0, interpolation_duration: 1 }
$data merge entity $(bone_head) { transformation: [-0.9999947767977605f,-0.00015663455384515816f,0.0032282879074942176f,0f,0f,0.9988250086459504f,0.04846237822700296f,1.5f,-0.003232085580106391f,0.04846212509820047f,-0.9988197915809284f,0f,0f,0f,0f,1f], start_interpolation: 0, interpolation_duration: 1 }
$data merge entity $(bone_breast) { transformation: [-0.999834325625595f,-0.0039530103802763745f,-0.01776780824257875f,0.002276131703751418f,-1.6940658945086007e-21f,0.9761334145333418f,-0.21717172244903124f,1.4375937608371843f,0.01820223340174557f,-0.21713574265977606f,-0.9759716942405532f,0.12502611942318542f,0f,0f,0f,1f], start_interpolation: 0, interpolation_duration: 1 }
$data merge entity $(bone_body) { transformation: [-0.999834325625595f,-0.000013650693817487447f,-0.0182022282831026f,0f,-1.6940658945086007e-21f,0.9999997187903895f,-0.0007499460926689559f,1.5f,0.01820223340174557f,-0.0007498218458192156f,-0.9998340444625737f,0f,0f,0f,0f,1f], start_interpolation: 0, interpolation_duration: 1 }
$data merge entity $(bone_left_arm) { transformation: [-0.9920005439003038f,0f,-0.1262335965640738f,0.3125f,0f,1f,0f,1.32432f,0.1262335965640738f,0f,-0.9920005439003038f,-0.018749999999999965f,0f,0f,0f,1f], start_interpolation: 0, interpolation_duration: 1 }
$data merge entity $(bone_right_arm) { transformation: [-0.997861205630565f,0f,0.06536829734294256f,-0.3125f,0f,1f,0f,1.33864f,-0.06536829734294256f,0f,-0.997861205630565f,0.012499999999999964f,0f,0f,0f,1f], start_interpolation: 0, interpolation_duration: 1 }
$data merge entity $(bone_left_leg) { transformation: [-0.9916922232381923f,0f,-0.12863333303965727f,0.11874999850988388f,0f,1f,0f,0.75f,0.12863333303965727f,0f,-0.9916922232381923f,-0.006249999999999987f,0f,0f,0f,1f], start_interpolation: 0, interpolation_duration: 1 }
$data merge entity $(bone_right_leg) { transformation: [-0.9986860302748803f,-0.00005590134622145501f,0.051246558995118735f,-0.11874999850988388f,-3.3881317890172014e-21f,0.999999405044161f,0.0010908305661643997f,0.75f,-0.051246589484576374f,0.0010893972478252245f,-0.9986854361007953f,0.012499999999999989f,0f,0f,0f,1f], start_interpolation: 0, interpolation_duration: 1 }