# This file was generated by Animated Java via MC-Build. It is not recommended to edit this file directly.
$data merge entity $(bone_left_ear) { transformation: [-0.9914562623269436f,0.1304197605537309f,0.002272872586450381f,0.0006124931020238581f,0.13038176838374088f,0.990347853425178f,0.04702896649162891f,1.7629502783290263f,0.0038825720618276085f,0.0469235044860218f,-0.9988909401736182f,-0.2691808657369382f,0f,0f,0f,1f], start_interpolation: 0, interpolation_duration: 1 }
$data merge entity $(bone_right_ear) { transformation: [-0.9914283273066402f,-0.1306319480990889f,0.002272872586450381f,0.0006124931020238581f,-0.13038176838374088f,0.990347853425178f,0.04702896649162891f,1.7629502783290263f,-0.008394419996988325f,0.046329508436623354f,-0.9988909401736182f,-0.2691808657369382f,0f,0f,0f,1f], start_interpolation: 0, interpolation_duration: 1 }
$data merge entity $(bone_left_cheek) { transformation: [-0.9999974112962622f,-0.00010700925166124597f,0.002272872586450381f,0.24984392213095474f,0f,0.9988935260130227f,0.04702896649162891f,1.621922380345901f,-0.002275390246568431f,0.047028844747567564f,-0.9988909401736182f,0.06887813691593919f,0f,0f,0f,1f], start_interpolation: 0, interpolation_duration: 1 }
$data merge entity $(bone_right_cheek) { transformation: [-0.9999974112962622f,-0.00010700925166124597f,0.002272872586450381f,-0.25015478351717635f,0f,0.9988935260130227f,0.04702896649162891f,1.621922380345901f,-0.002275390246568431f,0.047028844747567564f,-0.9988909401736182f,0.06774044179265498f,0f,0f,0f,1f], start_interpolation: 0, interpolation_duration: 1 }
$data merge entity $(bone_floof) { transformation: [-0.9999974112962622f,0.0002892966420262017f,0.0022569245062897224f,-0.0003196227074695848f,0f,0.991884583180157f,-0.1271415496583484f,1.4933865515871148f,-0.002275390246568431f,-0.12714122052654353f,-0.991882015484829f,0.14046903846191505f,0f,0f,0f,1f], start_interpolation: 0, interpolation_duration: 1 }
$data merge entity $(bone_eyes_default) { transformation: [-0.9999974112962622f,-0.00010700925166124597f,0.002272872586450381f,0f,0f,0.9988935260130227f,0.04702896649162891f,1.5f,-0.002275390246568431f,0.047028844747567564f,-0.9988909401736182f,0f,0f,0f,0f,1f], start_interpolation: 0, interpolation_duration: 1 }
$data merge entity $(bone_eyes_closed) { transformation: [-0.000009999974112962623f,-1.0700925166124597e-9f,2.2728725864503812e-8f,0.0005682181466125952f,0f,0.000009988935260130228f,4.702896649162891e-7f,1.5117572416229073f,-2.2753902465684313e-8f,4.702884474756757e-7f,-0.000009988909401736183f,-0.24972273504340456f,0f,0f,0f,1f], start_interpolation: 0, interpolation_duration: 1 }
$data merge entity $(bone_head) { transformation: [-0.9999974112962622f,-0.00010700925166124597f,0.002272872586450381f,0f,0f,0.9988935260130227f,0.04702896649162891f,1.5f,-0.002275390246568431f,0.047028844747567564f,-0.9988909401736182f,0f,0f,0f,0f,1f], start_interpolation: 0, interpolation_duration: 1 }
$data merge entity $(bone_breast) { transformation: [-0.9998390469101589f,-0.003891707241072838f,-0.017513848478699023f,0.002243175471299356f,8.470329472543003e-22f,0.9761901181955526f,-0.21691669630840527f,1.437561093984515f,0.017941022094213218f,-0.21688178289589632f,-0.9760329973797567f,0.12501040428458102f,0f,0f,0f,1f], start_interpolation: 0, interpolation_duration: 1 }
$data merge entity $(bone_body) { transformation: [-0.9998390469101589f,-0.000008767637039096595f,-0.0179410199518753f,0f,8.470329472543003e-22f,0.9999998805899738f,-0.0004886921711068263f,1.5f,0.017941022094213218f,-0.0004886135145919056f,-0.9998389275193521f,0f,0f,0f,0f,1f], start_interpolation: 0, interpolation_duration: 1 }
$data merge entity $(bone_left_arm) { transformation: [-0.992053333476013f,0f,-0.1258180572856318f,0.3125f,0f,1f,0f,1.32437f,0.1258180572856318f,0f,-0.992053333476013f,-0.018749999999999965f,0f,0f,0f,1f], start_interpolation: 0, interpolation_duration: 1 }
$data merge entity $(bone_right_arm) { transformation: [-0.9978337366808248f,0f,0.06578627472035885f,-0.3125f,0f,1f,0f,1.3385f,-0.06578627472035885f,0f,-0.9978337366808248f,0.012499999999999964f,0f,0f,0f,1f], start_interpolation: 0, interpolation_duration: 1 }
$data merge entity $(bone_left_leg) { transformation: [-0.991982908695487f,0f,-0.12637210473851038f,0.11874999850988388f,0f,1f,0f,0.75f,0.12637210473851038f,0f,-0.991982908695487f,-0.006249999999999987f,0f,0f,0f,1f], start_interpolation: 0, interpolation_duration: 1 }
$data merge entity $(bone_right_leg) { transformation: [-0.9986910007892196f,-0.00006076138762650956f,0.051149596779259274f,-0.11874999850988388f,-3.3881317890172014e-21f,0.9999992944293894f,0.001187914442752722f,0.75f,-0.051149632868936964f,0.001186359463684684f,-0.9986902961422004f,0.012499999999999989f,0f,0f,0f,1f], start_interpolation: 0, interpolation_duration: 1 }