# This file was generated by Animated Java via MC-Build. It is not recommended to edit this file directly.
$data merge entity $(bone_left_ear) { transformation: [-0.9914522258424829f,0.13046278548101833f,0.0013948033983154698f,0.00037633207036509667f,0.13038974983161128f,0.9904084785406649f,0.04571169186996848f,1.762595081903489f,0.004582249538817134f,0.045502826717676616f,-0.9989537005036145f,-0.2695278164388098f,0f,0f,0f,1f], start_interpolation: 0, interpolation_duration: 1 }
$data merge entity $(bone_right_ear) { transformation: [-0.9914355640326484f,-0.13058934449159407f,0.0013948033983154698f,0.00037633207036509667f,-0.13038974983161128f,0.9904084785406649f,0.04571169186996848f,1.762595081903489f,-0.0073508849884898865f,0.0451383289458182f,-0.9989537005036145f,-0.2695278164388098f,0f,0f,0f,1f], start_interpolation: 0, interpolation_duration: 1 }
$data merge entity $(bone_left_cheek) { transformation: [-0.9999990252244151f,-0.00006382554164451673f,0.0013948033983154698f,0.2499046029010035f,6.776263578034403e-21f,0.9989546742602414f,0.04571169186996848f,1.6220123535406572f,-0.001396262947914396f,0.0457116473113273f,-0.9989537005036145f,0.06849762793237042f,0f,0f,0f,1f], start_interpolation: 0, interpolation_duration: 1 }
$data merge entity $(bone_right_cheek) { transformation: [-0.9999990252244151f,-0.00006382554164451673f,0.0013948033983154698f,-0.250094909711204f,6.776263578034403e-21f,0.9989546742602414f,0.04571169186996848f,1.6220123535406572f,-0.001396262947914396f,0.0457116473113273f,-0.9989537005036145f,0.06779949645841322f,0f,0f,0f,1f], start_interpolation: 0, interpolation_duration: 1 }
$data merge entity $(bone_floof) { transformation: [-0.9999990252244151f,0.00017934918006939926f,0.0013846963895840247f,-0.00019614422788811293f,6.776263578034403e-21f,0.9917160601105628f,-0.12844943020030286f,1.4935717933307857f,-0.001396262947914396f,-0.12844930499093438f,-0.9917150934099602f,0.1404778641333208f,0f,0f,0f,1f], start_interpolation: 0, interpolation_duration: 1 }
$data merge entity $(bone_eyes_default) { transformation: [-0.9999990252244151f,-0.00006382554164451673f,0.0013948033983154698f,0f,6.776263578034403e-21f,0.9989546742602414f,0.04571169186996848f,1.5f,-0.001396262947914396f,0.0457116473113273f,-0.9989537005036145f,0f,0f,0f,0f,1f], start_interpolation: 0, interpolation_duration: 1 }
$data merge entity $(bone_eyes_closed) { transformation: [-0.000009999990252244152f,-6.382554164451674e-10f,1.39480339831547e-8f,0.00034870084957886745f,6.776263578034403e-26f,0.000009989546742602415f,4.5711691869968484e-7f,1.511427922967492f,-1.3962629479143961e-8f,4.57116473113273e-7f,-0.000009989537005036146f,-0.24973842512590363f,0f,0f,0f,1f], start_interpolation: 0, interpolation_duration: 1 }
$data merge entity $(bone_head) { transformation: [-0.9999990252244151f,-0.00006382554164451673f,0.0013948033983154698f,0f,6.776263578034403e-21f,0.9989546742602414f,0.04571169186996848f,1.5f,-0.001396262947914396f,0.0457116473113273f,-0.9989537005036145f,0f,0f,0f,0f,1f], start_interpolation: 0, interpolation_duration: 1 }
$data merge entity $(bone_breast) { transformation: [-0.999842772868843f,-0.0038427858003238025f,-0.017310763681476996f,0.0022168301562415006f,0f,0.9762354095132774f,-0.21671277122597923f,1.4375349772079753f,0.017732161231590278f,-0.21667869809867432f,-0.9760819188205058f,0.12499782634770183f,0f,0f,0f,1f], start_interpolation: 0, interpolation_duration: 1 }
$data merge entity $(bone_body) { transformation: [-0.999842772868843f,-0.000004961424880691921f,-0.01773216053749166f,0f,0f,0.9999999608565131f,-0.0002797980920595861f,1.5f,0.017732161231590278f,-0.0002797541002082684f,-0.9998427337315106f,0f,0f,0f,0f,1f], start_interpolation: 0, interpolation_duration: 1 }
$data merge entity $(bone_left_arm) { transformation: [-0.9921147013144779f,0f,-0.12533323356430412f,0.3125f,0f,1f,0f,1.32443f,0.12533323356430412f,0f,-0.9921147013144779f,-0.018749999999999965f,0f,0f,0f,1f], start_interpolation: 0, interpolation_duration: 1 }
$data merge entity $(bone_right_arm) { transformation: [-0.99780146829205f,0f,0.06627390040000025f,-0.3125f,0f,1f,0f,1.33834f,-0.06627390040000025f,0f,-0.99780146829205f,0.012499999999999964f,0f,0f,0f,1f], start_interpolation: 0, interpolation_duration: 1 }
$data merge entity $(bone_left_leg) { transformation: [-0.9922196236932184f,0f,-0.12449987292398369f,0.11874999850988388f,0f,1f,0f,0.75f,0.12449987292398369f,0f,-0.9922196236932184f,-0.006249999999999987f,0f,0f,0f,1f], start_interpolation: 0, interpolation_duration: 1 }
$data merge entity $(bone_right_leg) { transformation: [-0.9986945135533528f,-0.00006419026130143453f,0.051080960034461914f,-0.11874999850988388f,0f,0.9999992104317518f,0.0012566367307023255f,0.75f,-0.051081000366397886f,0.0012549962084820348f,-0.9986937250158753f,0.012499999999999989f,0f,0f,0f,1f], start_interpolation: 0, interpolation_duration: 1 }