# This file was generated by Animated Java via MC-Build. It is not recommended to edit this file directly.
$data merge entity $(bone_left_ear) { transformation: [-0.9914485533105548f,0.1304964179007544f,0.000671605151343509f,0.0001813885762370454f,0.1303961525370467f,0.9904571119168087f,0.04462681768790378f,1.7623022242976907f,0.005158443752033327f,0.044332768563285344f,-0.9990035015401955f,-0.26981303290736053f,0f,0f,0f,1f], start_interpolation: 0, interpolation_duration: 1 }
$data merge entity $(bone_right_ear) { transformation: [-0.9914407213499719f,-0.1305559075475637f,0.000671605151343509f,0.0001813885762370454f,-0.1303961525370467f,0.9904571119168087f,0.04462681768790378f,1.7623022242976907f,-0.00649149078275209f,0.04415726959228976f,-0.9990035015401955f,-0.26981303290736053f,0f,0f,0f,1f], start_interpolation: 0, interpolation_duration: 1 }
$data merge entity $(bone_left_cheek) { transformation: [-0.9999997740231901f,-0.00003000149031326612f,0.000671605151343509f,0.2499542179975494f,0f,0.9990037272918708f,0.04462681768790378f,1.6220862898059898f,-0.0006722749204991621f,0.044626807603277883f,-0.9990035015401955f,0.06818413852679674f,0f,0f,0f,1f], start_interpolation: 0, interpolation_duration: 1 }
$data merge entity $(bone_right_cheek) { transformation: [-0.9999997740231901f,-0.00003000149031326612f,0.000671605151343509f,-0.2500456690140457f,0f,0.9990037272918708f,0.04462681768790378f,1.6220862898059898f,-0.0006722749204991621f,0.044626807603277883f,-0.9990035015401955f,0.06784800106654716f,0f,0f,0f,1f], start_interpolation: 0, interpolation_duration: 1 }
$data merge entity $(bone_floof) { transformation: [-0.9999997740231901f,0.00008707731038009816f,0.0006666116641262157f,-0.00009444447440768096f,0f,0.9915759814917067f,-0.12952634067539442f,1.4937243537626386f,-0.0006722749204991621f,-0.12952631140544515f,-0.9915757574185297f,0.14048486740409f,0f,0f,0f,1f], start_interpolation: 0, interpolation_duration: 1 }
$data merge entity $(bone_eyes_default) { transformation: [-0.9999997740231901f,-0.00003000149031326612f,0.000671605151343509f,0f,0f,0.9990037272918708f,0.04462681768790378f,1.5f,-0.0006722749204991621f,0.044626807603277883f,-0.9990035015401955f,0f,0f,0f,0f,1f], start_interpolation: 0, interpolation_duration: 1 }
$data merge entity $(bone_eyes_closed) { transformation: [-0.000009999997740231902f,-3.0001490313266124e-10f,6.716051513435091e-9f,0.00016790128783587726f,0f,0.000009990037272918709f,4.4626817687903786e-7f,1.511156704421976f,-6.722749204991621e-9f,4.4626807603277885e-7f,-0.000009990035015401956f,-0.24975087538504886f,0f,0f,0f,1f], start_interpolation: 0, interpolation_duration: 1 }
$data merge entity $(bone_head) { transformation: [-0.9999997740231901f,-0.00003000149031326612f,0.000671605151343509f,0f,0f,0.9990037272918708f,0.04462681768790378f,1.5f,-0.0006722749204991621f,0.044626807603277883f,-0.9990035015401955f,0f,0f,0f,0f,1f], start_interpolation: 0, interpolation_duration: 1 }
$data merge entity $(bone_breast) { transformation: [-0.9998454787877181f,-0.0038069470094317993f,-0.01716175114101378f,0.002197504430217907f,2.117582368135751e-22f,0.976268611820809f,-0.21656314915855465f,1.4375158175466618f,0.017578923395894f,-0.2165296855582111f,-0.9761177576113977f,0.12498859114902099f,0f,0f,0f,1f], start_interpolation: 0, interpolation_duration: 1 }
$data merge entity $(bone_body) { transformation: [-0.9998454787877181f,-0.00000222437316261713f,-0.01757892325516195f,0f,2.117582368135751e-22f,0.9999999919942735f,-0.00012653637043191665f,1.5f,0.017578923395894f,-0.00012651681787855977f,-0.9998454707832286f,0f,0f,0f,0f,1f], start_interpolation: 0, interpolation_duration: 1 }
$data merge entity $(bone_left_arm) { transformation: [-0.9921845458593592f,0f,-0.12477911266657182f,0.3125f,0f,1f,0f,1.3245f,0.12477911266657182f,0f,-0.9921845458593592f,-0.018749999999999965f,0f,0f,0f,1f], start_interpolation: 0, interpolation_duration: 1 }
$data merge entity $(bone_right_arm) { transformation: [-0.9977642983441076f,0f,0.06683116750357204f,-0.3125f,0f,1f,0f,1.33816f,-0.06683116750357204f,0f,-0.9977642983441076f,0.012499999999999964f,0f,0f,0f,1f], start_interpolation: 0, interpolation_duration: 1 }
$data merge entity $(bone_left_leg) { transformation: [-0.9923965194377007f,0f,-0.12308187603354687f,0.11874999850988388f,0f,1f,0f,0.75f,0.12308187603354687f,0f,-0.9923965194377007f,-0.006249999999999987f,0f,0f,0f,1f], start_interpolation: 0, interpolation_duration: 1 }
$data merge entity $(bone_right_leg) { transformation: [-0.9986962403249019f,-0.00006587402176362184f,0.05104718622528577f,-0.11874999850988388f,0f,0.9999991673658808f,0.0012904524575349397f,0.75f,-0.05104722872895011f,0.0012887700176581742f,-0.9986954087763374f,0.012499999999999989f,0f,0f,0f,1f], start_interpolation: 0, interpolation_duration: 1 }