# This file was generated by Animated Java via MC-Build. It is not recommended to edit this file directly.
$data merge entity $(bone_left_ear) { transformation: [-0.9914458820439283f,0.1305183139689319f,0.00018082268736839625f,0.00004887036187905863f,0.13040040964826294f,0.9904894478868378f,0.04389062301212383f,1.7621033232940875f,0.005549427150811469f,0.04353875679821919f,-0.9990363259235189f,-0.2700063110926906f,0f,0f,0f,1f], start_interpolation: 0, interpolation_duration: 1 }
$data merge entity $(bone_right_ear) { transformation: [-0.9914438082240056f,-0.13053406619513933f,0.00018082268736839625f,0.00004887036187905863f,-0.13040040964826294f,0.9904894478868378f,0.04389062301212383f,1.7621033232940875f,-0.005908324453387415f,0.04349150707195768f,-0.9990363259235189f,-0.2700063110926906f,0f,0f,0f,1f], start_interpolation: 0, interpolation_duration: 1 }
$data merge entity $(bone_left_cheek) { transformation: [-0.9999999836200235f,-0.000007944075773211272f,0.00018082268736839625f,0.2499877014775737f,-8.470329472543003e-22f,0.9990363422877105f,0.04389062301212383f,1.6221363788477061f,-0.00018099710662609856f,0.04389062229319646f,-0.9990363259235189f,0.06797134743352601f,0f,0f,0f,1f], start_interpolation: 0, interpolation_duration: 1 }
$data merge entity $(bone_right_cheek) { transformation: [-0.9999999836200235f,-0.000007944075773211272f,0.00018082268736839625f,-0.25001229033243805f,-8.470329472543003e-22f,0.9990363422877105f,0.04389062301212383f,1.6221363788477061f,-0.00018099710662609856f,0.04389062229319646f,-0.9990363259235189f,0.06788084888021297f,0f,0f,0f,1f], start_interpolation: 0, interpolation_duration: 1 }
$data merge entity $(bone_floof) { transformation: [-0.9999999836200235f,0.00002357614273038416f,0.00017945505872216542f,-0.000025428190411180724f,-8.470329472543003e-22f,0.9914802621286168f,-0.130257014434421f,1.49382788113892f,-0.00018099710662609856f,-0.13025701230081418f,-0.9914802458881936f,0.14048948333299485f,0f,0f,0f,1f], start_interpolation: 0, interpolation_duration: 1 }
$data merge entity $(bone_eyes_default) { transformation: [-0.9999999836200235f,-0.000007944075773211272f,0.00018082268736839625f,0f,-8.470329472543003e-22f,0.9990363422877105f,0.04389062301212383f,1.5f,-0.00018099710662609856f,0.04389062229319646f,-0.9990363259235189f,0f,0f,0f,0f,1f], start_interpolation: 0, interpolation_duration: 1 }
$data merge entity $(bone_eyes_closed) { transformation: [-0.000009999999836200236f,-7.944075773211272e-11f,1.8082268736839626e-9f,0.00004520567184209906f,-8.470329472543004e-27f,0.000009990363422877107f,4.3890623012123835e-7f,1.510972655753031f,-1.8099710662609858e-9f,4.3890622293196463e-7f,-0.00000999036325923519f,-0.24975908148087972f,0f,0f,0f,1f], start_interpolation: 0, interpolation_duration: 1 }
$data merge entity $(bone_head) { transformation: [-0.9999999836200235f,-0.000007944075773211272f,0.00018082268736839625f,0f,-8.470329472543003e-22f,0.9990363422877105f,0.04389062301212383f,1.5f,-0.00018099710662609856f,0.04389062229319646f,-0.9990363259235189f,0f,0f,0f,0f,1f], start_interpolation: 0, interpolation_duration: 1 }
$data merge entity $(bone_breast) { transformation: [-0.9998471330288558f,-0.003784905275453802f,-0.01707000486330861f,0.002185607793598235f,-5.293955920339377e-23f,0.9762890416941408f,-0.21647103055128675f,1.4375040224708697f,0.017484581035230366f,-0.2164379392805059f,-0.9761397993453758f,0.1249829024757027f,0f,0f,0f,1f], start_interpolation: 0, interpolation_duration: 1 }
$data merge entity $(bone_body) { transformation: [-0.9998471330288558f,-5.626452166652204e-7f,-0.017484581026177545f,0f,-5.293955920339377e-23f,0.9999999994822396f,-0.000032179508078090327f,1.5f,0.017484581035230366f,-0.00003217458889415752f,-0.9998471325111745f,0f,0f,0f,0f,1f], start_interpolation: 0, interpolation_duration: 1 }
$data merge entity $(bone_left_arm) { transformation: [-0.9922627510335629f,0f,-0.12415568014112621f,0.3125f,0f,1f,0f,1.32458f,0.12415568014112621f,0f,-0.9922627510335629f,-0.018749999999999965f,0f,0f,0f,1f], start_interpolation: 0, interpolation_duration: 1 }
$data merge entity $(bone_right_arm) { transformation: [-0.9977221101351269f,0f,0.06745806806831792f,-0.3125f,0f,1f,0f,1.33796f,-0.06745806806831792f,0f,-0.9977221101351269f,0.012499999999999964f,0f,0f,0f,1f], start_interpolation: 0, interpolation_duration: 1 }
$data merge entity $(bone_left_leg) { transformation: [-0.9925075497180772f,0f,-0.12218332027170663f,0.11874999850988388f,0f,1f,0f,0.75f,0.12218332027170663f,0f,-0.9925075497180772f,-0.006249999999999987f,0f,0f,0f,1f], start_interpolation: 0, interpolation_duration: 1 }
$data merge entity $(bone_right_leg) { transformation: [-0.9986958505085679f,-0.00006549401744557f,0.051054812579245774f,-0.11874999850988388f,0f,0.9999991771903848f,0.0012828166483777588f,0.75f,-0.05105485458767103f,0.0012811436636981763f,-0.9986950287720194f,0.012499999999999989f,0f,0f,0f,1f], start_interpolation: 0, interpolation_duration: 1 }