# This file was generated by Animated Java via MC-Build. It is not recommended to edit this file directly.
$data merge entity $(bone_left_ear) { transformation: [-0.9912829525582505f,0.13111575602580117f,-0.012913810017951338f,-0.0034805957308377323f,0.13038287730098713f,0.9903562764879118f,0.046848168883259766f,1.762901552937925f,0.0189318058862036f,0.044756051465486495f,-0.9988185433716706f,-0.2692066518795289f,0f,0f,0f,1f], start_interpolation: 0, interpolation_duration: 1 }
$data merge entity $(bone_right_ear) { transformation: [-0.9914410598085883f,-0.12991481222879586f,-0.012913810017951338f,-0.0034805957308377323f,-0.13038287730098713f,0.9903562764879118f,0.046848168883259766f,1.762901552937925f,0.00670300174091897f,0.0481309379147696f,-0.9988185433716706f,-0.2692066518795289f,0f,0f,0f,1f], start_interpolation: 0, interpolation_duration: 1 }
$data merge entity $(bone_left_cheek) { transformation: [-0.9999164298554373f,0.0006056533468443257f,-0.012913810017951338f,0.25086192725833684f,0f,0.9989020217580329f,0.046848168883259766f,1.6219347421645505f,0.012928004685808405f,0.046844253775013694f,-0.9988185433716706f,0.06504968951115403f,0f,0f,0f,1f], start_interpolation: 0, interpolation_duration: 1 }
$data merge entity $(bone_right_cheek) { transformation: [-0.9999164298554373f,0.0006056533468443257f,-0.012913810017951338f,-0.2490962876693818f,0f,0.9989020217580329f,0.046848168883259766f,1.6219347421645505f,0.012928004685808405f,0.046844253775013694f,-0.9988185433716706f,0.07151369185405823f,0f,0f,0f,1f], start_interpolation: 0, interpolation_duration: 1 }
$data merge entity $(bone_floof) { transformation: [-0.9999164298554373f,-0.0016460074647441148f,-0.012822790826582593f,0.0018160045337744068f,0f,0.9918615546804908f,-0.1273210758154353f,1.4934119762507916f,0.012928004685808405f,-0.12731043557472355f,-0.99177866466698f,0.14045885766164118f,0f,0f,0f,1f], start_interpolation: 0, interpolation_duration: 1 }
$data merge entity $(bone_eyes_default) { transformation: [-0.9999164298554373f,0.0006056533468443257f,-0.012913810017951338f,0f,0f,0.9989020217580329f,0.046848168883259766f,1.5f,0.012928004685808405f,0.046844253775013694f,-0.9988185433716706f,0f,0f,0f,0f,1f], start_interpolation: 0, interpolation_duration: 1 }
$data merge entity $(bone_eyes_closed) { transformation: [-0.000009999164298554374f,6.056533468443257e-9f,-1.2913810017951338e-7f,-0.0032284525044878345f,0f,0.00000998902021758033f,4.684816888325977e-7f,1.511712042220815f,1.2928004685808407e-7f,4.68442537750137e-7f,-0.000009988185433716708f,-0.24970463584291766f,0f,0f,0f,1f], start_interpolation: 0, interpolation_duration: 1 }
$data merge entity $(bone_head) { transformation: [-0.9999164298554373f,0.0006056533468443257f,-0.012913810017951338f,0f,0f,0.9989020217580329f,0.046848168883259766f,1.5f,0.012928004685808405f,0.046844253775013694f,-0.9988185433716706f,0f,0f,0f,0f,1f], start_interpolation: 0, interpolation_duration: 1 }
$data merge entity $(bone_breast) { transformation: [-0.9998143694508437f,-0.004204331468523199f,-0.018802931593625095f,0.002410587162758745f,3.3881317890172014e-21f,0.9759015302892964f,-0.2182113727077703f,1.4377269956388268f,0.019267242657208614f,-0.2181708660108224f,-0.9757203731523064f,0.12509001557823882f,0f,0f,0f,1f], start_interpolation: 0, interpolation_duration: 1 }
$data merge entity $(bone_body) { transformation: [-0.9998143694508437f,-0.00003497277029911178f,-0.019267210916920404f,0f,3.3881317890172014e-21f,0.9999983526294461f,-0.0018151414253365999f,1.5f,0.019267242657208614f,-0.0018148044796370182f,-0.9998127223860921f,0f,0f,0f,0f,1f], start_interpolation: 0, interpolation_duration: 1 }
$data merge entity $(bone_left_arm) { transformation: [-0.9938582565080771f,0f,-0.11066058905827864f,0.3125f,0f,1f,0f,1.3265444444444445f,0.11066058905827864f,0f,-0.9938582565080771f,-0.018749999999999965f,0f,0f,0f,1f], start_interpolation: 0, interpolation_duration: 1 }
$data merge entity $(bone_right_arm) { transformation: [-0.9965087310213716f,0f,0.08348861597951947f,-0.3125f,0f,1f,0f,1.333756258534365f,-0.08348861597951947f,0f,-0.9965087310213716f,0.012499999999999964f,0f,0f,0f,1f], start_interpolation: 0, interpolation_duration: 1 }
$data merge entity $(bone_left_leg) { transformation: [-0.9905573800893929f,0f,-0.13709878464245412f,0.11874999850988388f,0f,1f,0f,0.75f,0.13709878464245412f,0f,-0.9905573800893929f,-0.006249999999999987f,0f,0f,0f,1f], start_interpolation: 0, interpolation_duration: 1 }
$data merge entity $(bone_right_leg) { transformation: [-0.9980901786752687f,0.0005839521007789752f,0.06177098211874299f,-0.11874999850988388f,0f,0.9999553186451218f,-0.009453079568743805f,0.75f,-0.06177374225324277f,-0.009435025875799037f,-0.998045582653795f,0.012499999999999989f,0f,0f,0f,1f], start_interpolation: 0, interpolation_duration: 1 }