# This file was generated by Animated Java via MC-Build. It is not recommended to edit this file directly.
$data merge entity $(bone_left_ear) { transformation: [-0.9914448613738104f,0.13052619222005157f,1.223481206754078e-16f,3.307495036201526e-17f,0.13040196020729425f,0.9905012255519768f,0.043619387365336f,1.762030008091965f,0.005693472539768614f,0.043246217459636103f,-0.9990482215818578f,-0.2700774654785635f,0f,0f,0f,1f], start_interpolation: 0, interpolation_duration: 1 }
$data merge entity $(bone_right_ear) { transformation: [-0.9914448613738104f,-0.13052619222005157f,1.223481206754078e-16f,3.307495036201526e-17f,-0.13040196020729425f,0.9905012255519768f,0.043619387365336f,1.762030008091965f,-0.005693472539768857f,0.043246217459636076f,-0.9990482215818578f,-0.2700774654785635f,0f,0f,0f,1f], start_interpolation: 0, interpolation_duration: 1 }
$data merge entity $(bone_left_cheek) { transformation: [-1f,-5.341834311772723e-18f,1.223481206754078e-16f,0.25f,0f,0.9990482215818578f,0.043619387365336f,1.6221548159873986f,-1.2246467991473532e-16f,0.043619387365336f,-0.9990482215818578f,0.06789293726953315f,0f,0f,0f,1f], start_interpolation: 0, interpolation_duration: 1 }
$data merge entity $(bone_right_cheek) { transformation: [-1f,-5.341834311772723e-18f,1.223481206754078e-16f,-0.25f,0f,0.9990482215818578f,0.043619387365336f,1.6221548159873986f,-1.2246467991473532e-16f,0.043619387365336f,-0.9990482215818578f,0.06789293726953308f,0f,0f,0f,1f], start_interpolation: 0, interpolation_duration: 1 }
$data merge entity $(bone_floof) { transformation: [-1f,1.5984848350717833e-17f,1.2141697760125282e-16f,-1.720520446997922e-17f,0f,0.9914448613738105f,-0.13052619222005157f,1.4938660236517496f,-1.2246467991473532e-16f,-0.13052619222005157f,-0.9914448613738105f,0.14049115615994875f,0f,0f,0f,1f], start_interpolation: 0, interpolation_duration: 1 }
$data merge entity $(bone_eyes_default) { transformation: [-1f,-5.341834311772723e-18f,1.223481206754078e-16f,0f,0f,0.9990482215818578f,0.043619387365336f,1.5f,-1.2246467991473532e-16f,0.043619387365336f,-0.9990482215818578f,0f,0f,0f,0f,1f], start_interpolation: 0, interpolation_duration: 1 }
$data merge entity $(bone_eyes_closed) { transformation: [-0.00001f,-5.341834311772724e-23f,1.223481206754078e-21f,3.058703016885195e-17f,0f,0.000009990482215818578f,4.3619387365336004e-7f,1.510904846841334f,-1.2246467991473532e-21f,4.3619387365336004e-7f,-0.000009990482215818578f,-0.24976205539546445f,0f,0f,0f,1f], start_interpolation: 0, interpolation_duration: 1 }
$data merge entity $(bone_head) { transformation: [-1f,-5.341834311772723e-18f,1.223481206754078e-16f,0f,0f,0.9990482215818578f,0.043619387365336f,1.5f,-1.2246467991473532e-16f,0.043619387365336f,-0.9990482215818578f,0f,0f,0f,0f,1f], start_interpolation: 0, interpolation_duration: 1 }
$data merge entity $(bone_breast) { transformation: [-0.9998476951563913f,-0.0037773921115764786f,-0.017038714719353996f,0.0021815508046604238f,0f,0.9762960071199334f,-0.21643961393810288f,1.4375f,0.01745240643728339f,-0.2164066491365513f,-0.9761473125092531f,0.12498096189454891f,0f,0f,0f,1f], start_interpolation: 0, interpolation_duration: 1 }
$data merge entity $(bone_body) { transformation: [-0.9998476951563913f,0f,-0.01745240643728339f,0f,0f,1f,0f,1.5f,0.01745240643728339f,0f,-0.9998476951563913f,0f,0f,0f,0f,1f], start_interpolation: 0, interpolation_duration: 1 }
$data merge entity $(bone_left_arm) { transformation: [-0.9923491862342573f,0f,-0.12346291985939517f,0.3125f,0f,1f,0f,1.32467f,0.12346291985939517f,0f,-0.9923491862342573f,-0.018749999999999965f,0f,0f,0f,1f], start_interpolation: 0, interpolation_duration: 1 }
$data merge entity $(bone_right_arm) { transformation: [-0.9976747723843413f,0f,0.06815459300628762f,-0.3125f,0f,1f,0f,1.33774f,-0.06815459300628762f,0f,-0.9976747723843413f,0.012499999999999964f,0f,0f,0f,1f], start_interpolation: 0, interpolation_duration: 1 }
$data merge entity $(bone_left_leg) { transformation: [-0.992546151641322f,0f,-0.12186934340514734f,0.11874999850988388f,0f,1f,0f,0.75f,0.12186934340514734f,0f,-0.992546151641322f,-0.006249999999999987f,0f,0f,0f,1f], start_interpolation: 0, interpolation_duration: 1 }
$data merge entity $(bone_right_leg) { transformation: [-0.9986930086605512f,-0.00006272189916608398f,0.051110375839936245f,-0.11874999850988388f,0f,0.9999992470090361f,0.0012271843222888517f,0.75f,-0.0511104143256164f,0.001225580403007713f,-0.99869225665374f,0.012499999999999989f,0f,0f,0f,1f], start_interpolation: 0, interpolation_duration: 1 }