# This file was generated by Animated Java via MC-Build. It is not recommended to edit this file directly.
$data merge entity $(bone_left_arm) { transformation: [-0.9924437063273326f,0f,-0.12270081406114314f,0.3125f,0f,1f,0f,1.32477f,0.12270081406114314f,0f,-0.9924437063273326f,-0.018749999999999965f,0f,0f,0f,1f], start_interpolation: 0, interpolation_duration: 1 }
$data merge entity $(bone_right_arm) { transformation: [-0.997622139235351f,0f,0.06892073205851752f,-0.3125f,0f,1f,0f,1.3375f,-0.06892073205851752f,0f,-0.997622139235351f,0.012499999999999964f,0f,0f,0f,1f], start_interpolation: 0, interpolation_duration: 1 }
$data merge entity $(bone_right_leg) { transformation: [-0.9986873715652114f,-0.0000572137731182528f,0.05122041197368217f,-0.11874999850988388f,0f,0.9999993761435891f,0.0011170104889915951f,0.75f,-0.05122044392788448f,0.0011155442692617876f,-0.9986867485276921f,0.012499999999999989f,0f,0f,0f,1f], start_interpolation: 0, interpolation_duration: 1 }