# This file was generated by Animated Java via MC-Build. It is not recommended to edit this file directly.
$data merge entity $(bone_left_arm) { transformation: [-0.992546151641322f,0f,-0.12186934340514734f,0.3125f,0f,1f,0f,1.32488f,0.12186934340514734f,0f,-0.992546151641322f,-0.018749999999999965f,0f,0f,0f,1f], start_interpolation: 0, interpolation_duration: 1 }
$data merge entity $(bone_right_arm) { transformation: [-0.9975640502598242f,0f,0.06975647374412541f,-0.3125f,0f,1f,0f,1.3375f,-0.06975647374412541f,0f,-0.9975640502598242f,0.012499999999999964f,0f,0f,0f,1f], start_interpolation: 0, interpolation_duration: 1 }
$data merge entity $(bone_right_leg) { transformation: [-0.9986785848840382f,-0.00004860349865917413f,0.05139145582404698f,-0.11874999850988388f,0f,0.9999995527782293f,0.0009457501474377179f,0.75f,-0.05139147880743513f,0.0009445004188969706f,-0.998678138253233f,0.012499999999999989f,0f,0f,0f,1f], start_interpolation: 0, interpolation_duration: 1 }