# This file was generated by Animated Java via MC-Build. It is not recommended to edit this file directly.
$data merge entity $(bone_left_ear) { transformation: [-0.991295430617147f,0.13108434988734f,-0.012258158596556223f,-0.003304385310597105f,0.13038387918325473f,0.9903638865392663f,0.046684218832124064f,1.76285736091559f,0.018259608065107437f,0.044679586540753f,-0.9988344814131399f,-0.26925202199836934f,0f,0f,0f,1f], start_interpolation: 0, interpolation_duration: 1 }
$data merge entity $(bone_right_ear) { transformation: [-0.9914449841811716f,-0.12994837778832788f,-0.012258158596556223f,-0.003304385310597105f,-0.13038387918325473f,0.9903638865392663f,0.046684218832124064f,1.76285736091559f,0.00607349908395031f,0.04788310087098816f,-0.9988344814131399f,-0.26925202199836934f,0f,0f,0f,1f], start_interpolation: 0, interpolation_duration: 1 }
$data merge entity $(bone_left_cheek) { transformation: [-0.9999247018391445f,0.0005728871787373319f,-0.012258158596556223f,0.2508189212694131f,5.421010862427522e-20f,0.9989096974762205f,0.046684218832124064f,1.6219459485075198f,0.0122715382857198f,0.04668070359630504f,-0.9988344814131399f,0.06519435846642943f,0f,0f,0f,1f], start_interpolation: 0, interpolation_duration: 1 }
$data merge entity $(bone_right_cheek) { transformation: [-0.9999247018391445f,0.0005728871787373319f,-0.012258158596556223f,-0.24914342965015918f,5.421010862427522e-20f,0.9989096974762205f,0.046684218832124064f,1.6219459485075198f,0.0122715382857198f,0.04668070359630504f,-0.9988344814131399f,0.07133012760928932f,0f,0f,0f,1f], start_interpolation: 0, interpolation_duration: 1 }
$data merge entity $(bone_floof) { transformation: [-0.9999247018391445f,-0.0015644231666223892f,-0.012171410438138302f,0.0017238035526407189f,5.421010862427522e-20f,0.9918406441596637f,-0.12748386797137606f,1.4934350317267326f,0.0122715382857198f,-0.1274742686705791f,-0.9917659603832969f,0.1404610989487228f,0f,0f,0f,1f], start_interpolation: 0, interpolation_duration: 1 }
$data merge entity $(bone_eyes_default) { transformation: [-0.9999247018391445f,0.0005728871787373319f,-0.012258158596556223f,0f,5.421010862427522e-20f,0.9989096974762205f,0.046684218832124064f,1.5f,0.0122715382857198f,0.04668070359630504f,-0.9988344814131399f,0f,0f,0f,0f,1f], start_interpolation: 0, interpolation_duration: 1 }
$data merge entity $(bone_eyes_closed) { transformation: [-0.000009999247018391446f,5.72887178737332e-9f,-1.2258158596556225e-7f,-0.0030645396491390557f,5.421010862427523e-25f,0.000009989096974762205f,4.668421883212407e-7f,1.511671054708031f,1.22715382857198e-7f,4.668070359630504e-7f,-0.0000099883448141314f,-0.24970862035328498f,0f,0f,0f,1f], start_interpolation: 0, interpolation_duration: 1 }
$data merge entity $(bone_head) { transformation: [-0.9999247018391445f,0.0005728871787373319f,-0.012258158596556223f,0f,5.421010862427522e-20f,0.9989096974762205f,0.046684218832124064f,1.5f,0.0122715382857198f,0.04668070359630504f,-0.9988344814131399f,0f,0f,0f,0f,1f], start_interpolation: 0, interpolation_duration: 1 }
$data merge entity $(bone_breast) { transformation: [-0.9998058351141833f,-0.0043083048807044605f,-0.019228379564731266f,0.002465909617370206f,-3.3881317890172014e-21f,0.9758058669748656f,-0.21863876595295495f,1.4377817972752076f,0.019705128054150697f,-0.21859631398192855f,-0.9756163997401252f,0.12511620414420985f,0f,0f,0f,1f], start_interpolation: 0, interpolation_duration: 1 }
$data merge entity $(bone_body) { transformation: [-0.9998058351141833f,-0.00004439780284134349f,-0.019705078037540975f,0f,-3.3881317890172014e-21f,0.9999974617465269f,-0.002253109074923851f,1.5f,0.019705128054150697f,-0.0022526716002575858f,-0.9998032973535499f,0f,0f,0f,0f,1f], start_interpolation: 0, interpolation_duration: 1 }
$data merge entity $(bone_left_arm) { transformation: [-0.9940704116826156f,0f,-0.10873829416151075f,0.3125f,0f,1f,0f,1.326809375f,0.10873829416151075f,0f,-0.9940704116826156f,-0.018749999999999965f,0f,0f,0f,1f], start_interpolation: 0, interpolation_duration: 1 }
$data merge entity $(bone_right_arm) { transformation: [-0.9963108674527111f,0f,0.08581757043651572f,-0.3125f,0f,1f,0f,1.3331186703459263f,-0.08581757043651572f,0f,-0.9963108674527111f,0.012499999999999964f,0f,0f,0f,1f], start_interpolation: 0, interpolation_duration: 1 }
$data merge entity $(bone_left_leg) { transformation: [-0.9901141353189408f,0f,-0.14026403331441095f,0.11874999850988388f,0f,1f,0f,0.75f,0.14026403331441095f,0f,-0.9901141353189408f,-0.006249999999999987f,0f,0f,0f,1f], start_interpolation: 0, interpolation_duration: 1 }
$data merge entity $(bone_right_leg) { transformation: [-0.998000339241024f,0.0006883816941665567f,0.06320481789740437f,-0.11874999850988388f,0f,0.9999406952299618f,-0.010890639238385555f,0.75f,-0.06320856646690312f,-0.010868861654460393f,-0.9979411530604073f,0.012499999999999989f,0f,0f,0f,1f], start_interpolation: 0, interpolation_duration: 1 }