# This file was generated by Animated Java via MC-Build. It is not recommended to edit this file directly.
$data merge entity $(bone_coilhead_head) { transformation: [-1f,-9.38133875270273e-17f,7.871877887341988e-17f,-1.9135106236677392e-17f,0f,0.6427876096865395f,0.7660444431189779f,1.8956329386826372f,-1.2246467991473532e-16f,0.7660444431189779f,-0.6427876096865395f,0.15624999999999997f,0f,0f,0f,1f], start_interpolation: 0, interpolation_duration: 1 }
$data merge entity $(bone_coilhead_neck) { transformation: [-1f,-6.123233995736765e-17f,1.0605752387249069e-16f,0f,0f,0.8660254037844387f,0.49999999999999994f,1.625f,-1.2246467991473532e-16f,0.49999999999999994f,-0.8660254037844387f,0f,0f,0f,0f,1f], start_interpolation: 0, interpolation_duration: 1 }
$data merge entity $(bone_coilhead_left_leg) { transformation: [-0.9990482215818579f,0.0019026509541291085f,-0.04357787137382536f,0.125f,-0.0019026509541251718f,0.9961965089938607f,0.087114266270179f,0.875f,0.04357787137382552f,0.08711426627017892f,-0.9952447305757186f,1.5308084989341915e-17f,0f,0f,0f,1f], start_interpolation: 0, interpolation_duration: 1 }
$data merge entity $(bone_coilhead_right_leg) { transformation: [-0.9990482215818579f,1.219775762894158e-15f,0.04361938736533251f,-0.125f,-0.0038016801040222908f,0.9961946980917452f,-0.0870727897926969f,0.875f,-0.04345340242735442f,-0.08715574274766123f,-0.995246541477834f,-1.5308084989341915e-17f,0f,0f,0f,1f], start_interpolation: 0, interpolation_duration: 1 }
$data merge entity $(bone_coilhead_left_arm) { transformation: [-0.9914448562555555f,-0.13052623109705105f,-1.7454547677014718e-8f,0.31562500000000004f,-0.12940956268638054f,0.9829629026982244f,0.13052623109705103f,1.5f,-0.01703707984722792f,0.1294095626863805f,-0.9914448562555555f,3.8652914598088344e-17f,0f,0f,0f,1f], start_interpolation: 0, interpolation_duration: 1 }
$data merge entity $(bone_coilhead_right_arm) { transformation: [-0.9919473068073221f,0.12606900923938294f,-0.012130351482981645f,-0.31562500000000004f,0.12663271549085056f,0.9856037952549349f,-0.11202372135615574f,1.484375f,-0.0021669991032762246f,-0.11265772804592102f,-0.9936314912614322f,-3.8652914598088344e-17f,0f,0f,0f,1f], start_interpolation: 0, interpolation_duration: 1 }
$data merge entity $(bone_coilhead_body) { transformation: [-1f,0f,1.2246467991473532e-16f,0f,0f,1f,0f,1.25f,-1.2246467991473532e-16f,0f,-1f,0f,0f,0f,0f,1f], start_interpolation: 0, interpolation_duration: 1 }