# This file was generated by Animated Java via MC-Build. It is not recommended to edit this file directly.
execute unless entity @s[type=item_display,tag=aj.coilhead.root] run return run function animated_java:global/errors/function_not_executed_as_root_entity {'export_namespace': 'coilhead', 'function_path': 'animated_java:coilhead/apply_default_pose'}
execute on passengers if entity @s[tag=aj.coilhead.bone.coilhead_head] run data merge entity @s {transformation: [-1f,-1.5984848350717833e-17f,1.2141697760125282e-16f,-4.995265109599323e-18f,0f,0.9914448613738104f,0.13052619222005157f,1.9348265191793157f,-1.2246467991473532e-16f,0.13052619222005157f,-0.9914448613738104f,0.04078943506876612f,0f,0f,0f,1f], start_interpolation: 0}
execute on passengers if entity @s[tag=aj.coilhead.bone.coilhead_neck] run data merge entity @s {transformation: [-1f,-1.5984848350717833e-17f,1.2141697760125282e-16f,0f,0f,0.9914448613738104f,0.13052619222005157f,1.625f,-1.2246467991473532e-16f,0.13052619222005157f,-0.9914448613738104f,0f,0f,0f,0f,1f], start_interpolation: 0}
execute on passengers if entity @s[tag=aj.coilhead.bone.coilhead_left_leg] run data merge entity @s {transformation: [-1f,0f,1.2246467991473532e-16f,0.125f,0f,1f,0f,0.875f,-1.2246467991473532e-16f,0f,-1f,1.5308084989341915e-17f,0f,0f,0f,1f], start_interpolation: 0}
execute on passengers if entity @s[tag=aj.coilhead.bone.coilhead_right_leg] run data merge entity @s {transformation: [-1f,0f,1.2246467991473532e-16f,-0.125f,0f,1f,0f,0.875f,-1.2246467991473532e-16f,0f,-1f,-1.5308084989341915e-17f,0f,0f,0f,1f], start_interpolation: 0}
execute on passengers if entity @s[tag=aj.coilhead.bone.coilhead_left_arm] run data merge entity @s {transformation: [-0.9914448562555555f,-0.13052623109705105f,-1.7454547677014718e-8f,0.31562500000000004f,-0.12940956268638054f,0.9829629026982244f,0.13052623109705103f,1.5f,-0.01703707984722792f,0.1294095626863805f,-0.9914448562555555f,3.8652914598088344e-17f,0f,0f,0f,1f], start_interpolation: 0}
execute on passengers if entity @s[tag=aj.coilhead.bone.coilhead_right_arm] run data merge entity @s {transformation: [-0.9919473068073221f,0.12606900923938294f,-0.012130351482981645f,-0.31562500000000004f,0.12663271549085056f,0.9856037952549349f,-0.11202372135615574f,1.484375f,-0.0021669991032762246f,-0.11265772804592102f,-0.9936314912614322f,-3.8652914598088344e-17f,0f,0f,0f,1f], start_interpolation: 0}
execute on passengers if entity @s[tag=aj.coilhead.bone.coilhead_body] run data merge entity @s {transformation: [-1f,0f,1.2246467991473532e-16f,0f,0f,1f,0f,1.25f,-1.2246467991473532e-16f,0f,-1f,0f,0f,0f,0f,1f], start_interpolation: 0}